AlnIndex	Residue	SecondaryStructure	B_Factor	ExpFrust	AFFrust	EvolFrust	RMSF
1	M	n/a	n/a	n/a	n/a	0.0	n/a
2	A	o	30.588	-0.4606	-0.5455	0.0	2.785
3	S	o	23.797	0.1003	0.1323	0.0	1.286
4	R	B	25.136	1.7544	1.9748	0.0	1.436
5	I	B	20.335	-6.268	n/a	0.0	1.603
6	L	B	24.586	-1.9966	-5.1791	0.0	1.998
7	L	o	20.586	-6.2796	-1.5208	0.0	1.348
8	N	o	18.341	0.5982	0.2416	0.0	1.919
9	N	o	15.376	-1.0012	-1.1826	4.190136311699223	2.558
10	G	o	21.128	0.2189	0.8273	2.2744933956496904	2.592
11	A	o	18.828	-2.1343	-1.2015	1.5447662987739215	2.576
12	K	B	26.414	2.2073	2.599	6.677135965354577	1.517
13	M	B	15.273	-5.3277	-5.2318	-6.5519634730655865	0.629
14	P	B	14.777	3.1122	3.1414	4.471790085943835	0.8
15	I	o	14.648	-6.3147	-6.3704	-10.080707649992554	0.587
16	L	B	18.634	-6.9126	-6.4322	-12.290470732935965	0.282
17	G	o	13.265	0.3304	0.2408	4.377362001725918	0.188
18	L	B	14.769	-8.762	-8.3768	-13.030419627368246	0.126
19	G	B	13.723	-0.3107	0.049	3.2117243085656475	0.184
20	T	o	12.867	0.1698	0.2019	3.6518530526025788	0.317
21	W	o	13.191	-1.472	-0.8397	-6.795848729581274	0.629
22	K	o	15.518	0.1637	0.1466	9.337099994058846	0.611
23	S	o	13.847	0.2566	0.2935	5.876492347374671	1.123
24	P	o	15.369	0.6775	0.6901	4.566566152033063	2.125
25	P	o	18.236	0.3543	0.3288	4.898565903267665	1.481
26	G	o	18.023	0.3564	0.2409	4.038120062184924	1.501
27	Q	o	23.884	1.4517	1.3623	5.113210102777047	0.801
28	V	A	14.499	-6.0171	-5.9113	-6.905281664307639	0.491
29	T	A	14.944	-1.4805	-1.4922	3.925350679059145	0.571
30	E	A	20.97	-1.1106	-0.5794	7.206295427775211	0.435
31	A	A	14.796	-2.9811	-2.9805	1.9531154540472926	0.377
32	V	A	12.999	-9.9442	-9.9272	-7.192822008834762	0.381
33	K	A	18.103	-0.5172	-0.4546	9.384479534469536	0.423
34	V	A	14.07	-7.5947	-7.4903	-7.469497756796835	0.338
35	A	A	13.306	-3.3631	-3.5867	1.6303535687940989	0.283
36	I	A	13.832	-10.3189	-9.8461	-11.116848272935433	0.443
37	D	A	15.959	0.7748	0.6631	7.143511260477848	0.467
38	V	A	23.486	-6.487	-5.4525	-7.128289386899365	0.529
39	G	o	16.413	-0.3219	-0.2099	3.1591008253867106	0.752
40	Y	o	13.367	-7.7368	-7.1723	-4.13885405951329	0.601
41	R	o	18.91	0.3224	0.3539	5.000623542933729	0.338
42	H	B	12.745	0.1604	0.1621	2.4387866897990964	0.135
43	I	B	15.503	-10.801	-11.0717	-11.168578890162113	0.102
44	D	B	11.081	4.2093	3.8907	5.202414899603259	0.297
45	C	o	14.155	-6.1276	-5.9046	-3.9288005141016633	0.504
46	A	o	13.178	-0.3994	-0.3815	1.6508599797674306	0.429
47	H	A	14.493	-0.6811	-0.4843	2.1473705646897208	0.574
48	V	A	12.464	-3.8215	-3.4996	-6.498685064094747	0.647
49	Y	A	13.401	2.443	2.0735	-3.0529614183923943	0.839
50	Q	o	15.711	-0.0159	0.0606	4.88037614845586	1.178
51	N	o	12.459	2.1704	2.1321	5.985792673158525	0.558
52	E	A	13.299	1.7742	2.1232	5.9841340599139965	0.5
53	N	A	13.9	-0.5347	-0.5777	5.299328679704032	0.475
54	E	A	13.478	3.0006	2.9046	7.467698018780682	0.561
55	V	A	13.833	-8.995	-9.0827	-7.134591826083363	0.404
56	G	A	12.23	-0.1722	0.0961	4.072629976418164	0.31
57	V	A	13.174	-4.6658	-4.8242	-5.7975578446633	0.462
58	A	A	14.026	-4.0381	-4.0214	1.8518503156857438	0.461
59	I	A	14.596	-8.8574	-8.9813	-10.91295618425841	0.407
60	Q	A	21.406	1.0732	1.1321	5.277703771104801	0.39
61	E	A	25.879	-2.1152	-2.1296	0.0	0.484
62	K	A	15.692	-0.3007	-0.2125	0.0	0.549
63	L	A	18.525	-2.5184	-2.266	0.0	0.506
64	R	A	34.683	-0.362	-0.4018	0.0	0.697
65	E	o	26.037	-1.419	-1.8453	0.0	0.842
66	Q	o	26.519	-0.067	0.0848	0.0	1.017
67	V	o	16.497	-1.3961	-1.4245	-3.737583842596546	1.011
68	V	o	20.904	-3.567	-3.5848	-6.676927533102858	0.889
69	K	o	31.114	-0.226	-0.2717	9.067264837759467	1.638
70	R	A	15.726	-2.6451	-2.642	4.3451517638172845	3.039
71	E	A	26.623	-2.2843	-0.9933	6.170358492046872	2.765
72	E	A	21.691	-0.194	-1.1996	6.209850296427559	1.152
73	L	o	14.89	-4.0238	-4.449	-14.177932643412843	0.611
74	F	B	13.226	-4.6613	-4.6652	-13.795684501484246	0.414
75	I	B	14.464	-8.7572	-9.2733	-10.444389007513397	0.113
76	V	B	13.413	-7.0007	-7.5875	-7.065777305891778	0.111
77	S	B	13.327	1.8722	1.5314	5.776390301994597	0.48
78	K	B	15.884	2.4293	2.4437	6.731613468191881	0.262
79	L	B	14.039	-9.7949	-10.186	-14.299720281866843	0.39
80	W	o	13.195	-3.2545	-3.3122	-6.750584129517967	0.398
81	C	A	12.855	-6.8008	-6.7555	-4.340450159204537	0.457
82	T	A	13.184	1.0172	1.4074	3.658931423755324	0.576
83	Y	A	14.979	-1.1339	-0.181	-3.9953165439121077	1.137
84	H	o	17.009	-1.1594	-1.2694	2.08543508843432	1.485
85	E	o	34.906	0.8972	0.861	7.085753246701451	1.199
86	K	A	42.623	-2.6163	-2.44	8.563375939369578	0.674
87	G	A	21.035	0.7067	0.5869	4.0180132053634035	0.931
88	L	A	17.3	-2.4328	-2.4183	-12.408041704841493	0.621
89	V	A	16.253	-6.2667	-6.5	-7.254292907724185	0.4
90	K	A	20.934	-1.0972	-0.4766	9.52421696570096	0.552
91	G	A	15.59	-0.8528	-0.8913	4.317332157999724	0.58
92	A	A	13.31	-1.9308	-2.3055	2.1609409286724928	0.67
93	C	A	14.882	-8.6899	-8.9477	-4.924489071179467	0.32
94	Q	A	18.084	0.467	0.3389	5.676921653828303	0.603
95	K	A	16.479	-0.0952	0.1079	8.591472425930197	0.371
96	T	A	14.416	-1.2456	-1.4089	3.4486667399973587	0.334
97	L	A	15.117	-3.7549	-4.7179	-11.807584024858539	0.345
98	S	A	20.083	0.287	0.2857	5.11969797841278	0.323
99	D	A	16.468	-0.1409	-0.2529	6.090134209726521	0.273
100	L	A	15.498	-6.7964	-7.1686	-11.340929456215402	0.39
101	K	o	20.867	-0.3944	-0.4503	8.750646704308158	0.586
102	L	o	20.226	-3.4163	-3.9138	-13.895353864338631	0.791
103	D	o	21.991	-0.93	-1.2925	6.3463564370608285	1.156
104	Y	o	15.824	-4.6735	-5.0201	-4.445298336316132	0.853
105	L	B	17.94	-8.4717	-11.6406	-13.661073182326307	0.442
106	D	o	13.846	3.2071	2.7333	5.354927963126532	0.392
107	L	B	13.855	-6.0589	-6.096	-12.061807891180155	0.112
108	Y	B	13.956	-7.49	-7.5464	-4.186296234696161	0.087
109	L	B	14.162	-7.0182	-7.1774	-14.452991185707464	0.095
110	I	B	12.054	-7.8853	-7.9856	-11.00423455728347	0.113
111	H	o	14.023	-0.0474	0.2394	1.6866943935059633	0.105
112	W	o	13.105	-1.0128	-2.5945	-6.5948259631077235	0.126
113	P	o	15.1	2.6255	2.4216	5.02983091010638	0.537
114	T	o	14.976	0.8497	0.6822	3.8536053499331406	0.764
115	G	o	14.225	0.3858	0.2118	4.169765419682143	0.639
116	F	B	17.038	-4.9116	-4.9618	0.0	0.478
117	K	o	24.774	0.1292	0.3322	0.0	0.862
118	P	o	17.726	2.511	2.5572	0.0	1.467
119	G	o	15.395	-0.0804	0.0143	0.0	1.397
120	K	o	27.654	0.3958	0.4843	0.0	1.763
121	E	o	22.406	0.586	0.4915	0.0	1.866
122	F	o	15.303	-4.135	-4.083	0.0	1.051
123	F	o	15.599	-4.0921	-5.2248	0.0	1.038
124	P	o	15.511	2.0966	1.6072	0.0	1.702
125	L	B	19.031	-0.9936	-1.7819	0.0	1.437
126	D	o	21.155	1.3793	1.4393	0.0	1.765
127	E	o	41.854	0.7757	0.3703	0.0	1.252
128	S	o	25.387	-0.3283	-0.566	0.0	1.382
129	G	o	21.97	-0.5733	-1.4309	0.0	1.168
130	N	o	27.244	0.4541	-0.0361	0.0	1.451
131	V	B	18.544	-3.1179	-3.8605	0.0	0.973
132	V	o	14.946	-1.5012	-1.8069	0.0	1.239
133	P	B	15.27	1.3063	-0.3661	0.0	0.818
134	S	o	19.102	0.0209	0.1481	0.0	1.148
135	D	o	25.484	0.5746	0.719	4.454891329478965	1.145
136	T	o	27.649	-1.7092	-1.5405	3.2351773146538827	1.097
137	N	o	32.639	2.0485	1.8373	5.993653948519079	0.749
138	I	A	34.634	-5.5131	-5.4104	-11.097345475813798	0.668
139	L	A	23.766	-1.4587	-1.697	-12.469556286020275	0.53
140	D	A	19.377	0.3687	0.7772	6.268425562557863	0.59
141	T	A	17.059	-1.2105	-0.8807	4.144366194132114	0.398
142	W	A	13.781	-0.1671	-0.3118	-7.057497323093733	0.464
143	A	A	17.094	-0.0453	-0.3762	2.4679416704092496	0.604
144	A	A	16.554	-1.1693	-0.9471	2.264066759658506	0.488
145	M	A	15.223	-7.4871	-7.7597	-7.3548225146859485	0.32
146	E	A	15.036	1.5225	0.9627	7.146603562936195	0.504
147	E	A	25.241	0.4371	0.2161	6.668685202542531	0.531
148	L	A	16.47	-7.401	-8.1035	-14.226215297985881	0.489
149	V	A	15.713	-4.6168	-4.7911	-7.038610435229394	0.669
150	D	A	17.131	1.0577	0.8009	6.5462486937178594	0.769
151	E	o	23.126	-0.3977	-0.5059	7.000273161488143	0.708
152	G	o	18.095	-1.034	-0.704	3.4189780870731643	0.914
153	L	o	19.889	-4.4768	-4.604	-13.119168797542443	0.711
154	V	B	14.326	-7.3217	-7.8944	-7.7488410434418356	0.665
155	K	o	23.178	1.8273	1.3272	8.608454396225673	0.702
156	A	o	14.95	-6.0822	-4.9947	1.6727607435218008	0.472
157	I	B	14.87	-10.9876	-12.155	-11.349592594839315	0.091
158	G	B	12.647	0.7081	0.8561	3.4592318510117126	0.151
159	I	B	13.343	-8.3476	-8.4771	-10.624440621031681	0.302
160	S	B	13.205	1.164	1.3294	4.903579568998195	0.077
161	N	o	14.492	3.532	3.2792	6.0401221101808344	0.137
162	F	o	14.282	-6.6923	-6.4308	-13.42850595429469	0.164
163	N	o	15.541	3.0801	3.2195	6.5071188900819115	0.54
164	H	A	26.733	-0.5429	-1.2594	2.0463105573083724	0.451
165	L	A	25.852	-0.8106	-1.2349	-11.445537212839147	0.912
166	Q	A	18.278	1.4603	1.7697	5.830091192756778	0.676
167	V	A	17.811	-5.1184	-5.1868	-7.047121666227021	0.482
168	E	A	26.402	2.1703	2.1957	6.467128987062241	0.619
169	M	A	41.311	-0.7253	-1.242	-6.768333848743455	0.706
170	I	A	22.111	-5.9958	-6.0766	-10.569211115563864	0.487
171	L	A	20.446	-0.0238	0.0021	-13.708109750835487	0.652
172	N	o	25.443	0.4278	0.3332	5.815880702826473	1.124
173	K	o	20.893	1.9258	1.5132	9.429867954763889	1.421
174	P	o	25.13	0.2143	0.173	0.0	2.436
175	G	o	17.77	1.272	0.9877	0.0	2.612
176	L	o	15.256	-0.541	-0.7045	0.0	2.042
177	K	o	16.116	0.7751	0.3674	5.144753282004187	1.568
178	Y	o	15.904	-3.1334	-3.3424	-4.134985314776115	1.345
179	K	o	23.079	0.8618	0.3238	9.364254566278282	1.58
180	P	o	18.989	2.7845	2.996	5.482930372433034	1.986
181	A	o	13.24	-3.7454	-3.3771	1.7471818136798567	1.058
182	V	B	13.087	-9.8826	-9.2817	-7.583755312788789	0.516
183	N	B	13.272	5.556	5.8848	7.4543524677689055	0.068
184	Q	B	12.122	0.699	0.6845	4.446724159571204	0.066
185	I	B	15.765	-6.3064	-6.4379	-11.46552343921832	0.081
186	E	B	14.29	3.7249	4.0696	7.305869771363632	0.096
187	C	o	13.703	-5.8596	-6.6971	-4.628149037591883	0.174
188	H	B	14.145	-1.1575	-1.1282	1.7575166284322652	0.703
189	P	o	14.757	1.4483	2.6546	4.879061725257639	0.847
190	Y	o	16.093	-4.1992	-4.3224	-4.048935933161494	0.282
191	L	B	15.117	-3.1573	-2.9445	-12.253311138470316	0.409
192	T	o	15.561	-0.7361	-1.0223	3.8454326323181274	0.509
193	Q	o	16.688	0.6211	0.4831	5.182370993773834	0.518
194	E	A	22.594	-1.3644	-1.3659	6.252077950260723	0.301
195	K	A	32.812	-0.4114	-0.5481	7.764840169425281	0.483
196	L	A	18.075	-4.0553	-4.1223	-12.641141721082214	0.487
197	I	A	16.392	-4.0397	-4.1285	-10.576728117514449	0.345
198	Q	A	25.686	0.435	0.4225	5.153116803775663	0.382
199	Y	A	23.265	0.5947	0.8563	-4.495649447927821	0.393
200	C	A	16.045	-7.1536	-6.9662	-4.675236167496941	0.375
201	Q	A	18.571	0.6136	0.7733	5.150548603349858	0.841
202	S	A	22.147	-1.197	-0.7044	5.3598030072882565	0.835
203	K	o	21.084	3.1695	3.2115	9.509532073609487	1.041
204	G	o	17.645	-0.3209	0.1653	3.792014759631672	0.971
205	I	o	16.509	-4.3808	-3.5043	-10.384640097461741	0.559
206	V	B	14.216	-8.1768	-6.8951	-7.611701385201837	0.213
207	V	B	14.71	-7.7909	-7.8831	-7.846193772099899	0.073
208	T	B	11.803	-0.6602	-0.5146	3.9838310235862466	0.066
209	A	B	13.458	-1.3679	-1.6746	1.729778898229956	0.077
210	Y	B	12.759	-2.0949	-2.0211	-3.720915355346781	0.344
211	S	o	11.977	0.4679	0.2647	5.849800266942949	0.742
212	P	o	14.89	4.4531	4.5101	4.45477890029595	0.824
213	L	o	15.946	-4.1629	-4.0533	-11.61335299613017	0.853
214	G	o	18.4	0.8238	0.8276	4.467131080957499	0.913
215	S	o	17.53	0.0381	0.0787	5.943374529606636	0.825
216	P	o	18.399	1.3866	1.181	4.624573901244802	1.144
217	D	o	16.218	-2.0084	-1.9569	4.671645508586631	1.184
218	R	o	22.327	-1.0057	-0.9276	0.0	0.936
219	P	o	23.587	-0.2595	-0.219	0.0	1.154
220	W	o	18.736	-1.165	-1.6347	0.0	0.947
221	A	o	23.56	0.6371	0.7168	0.0	0.985
222	K	o	39.557	0.297	0.2617	0.0	1.114
223	P	o	45.693	1.0155	1.0155	0.0	2.184
224	E	o	46.037	0.522	0.441	3.4484620778909725	1.105
225	D	o	33.831	0.2421	0.1877	3.372250591902086	1.145
226	P	o	30.65	0.5558	0.0902	2.856271843750021	1.357
227	S	o	19.192	0.9186	0.7556	5.275252710023516	1.105
228	L	o	16.355	-3.9764	-3.7643	-12.620837167750324	0.765
229	L	o	24.3	-4.3937	-4.9431	-12.244284933671583	0.697
230	E	o	31.803	0.5008	0.3829	6.96884481566995	0.86
231	D	o	18.892	-0.4555	-0.2496	6.735934944878217	0.976
232	P	A	18.684	0.8715	0.7753	4.803592003403226	1.0
233	R	A	18.325	0.3271	0.5769	5.1093820472449	1.174
234	I	A	16.586	-6.6967	-7.0649	-10.182125960498047	0.596
235	K	A	34.622	1.5349	1.5043	8.780966096362112	0.647
236	A	A	18.66	-1.0856	-1.273	2.3684543980064423	0.866
237	I	A	17.955	-4.4033	-4.6435	-10.383747831971073	0.444
238	A	A	18.206	-2.9885	-3.4817	1.7899138839549873	0.416
239	A	A	21.006	-0.0832	-0.1021	2.233346420386289	0.655
240	K	A	21.327	0.2831	0.165	8.988238067926767	0.899
241	H	o	19.268	-0.8814	-1.0394	2.079239005873636	0.878
242	N	o	28.145	-0.3742	-0.5602	5.102619878228659	1.493
243	K	o	20.252	1.0375	0.5866	10.248344761094742	0.941
244	T	o	17.579	-2.3854	-2.4498	3.2690510337154497	0.576
245	T	A	20.6	-1.2251	-1.3566	3.811590716338646	0.394
246	A	A	14.988	-4.5815	-5.1821	2.0036483423946745	0.392
247	Q	A	15.329	0.3731	0.2779	5.089694597529831	0.413
248	V	A	13.406	-6.3624	-6.2044	-6.967510267997281	0.162
249	L	A	14.041	-7.8289	-8.0637	-13.54628230030075	0.466
250	I	A	15.749	-8.4353	-7.7046	-9.77143985538542	0.283
251	R	A	16.305	-0.6348	-0.7604	5.227544236065138	0.189
252	F	A	13.941	-5.6426	-6.0217	-11.080140294977403	0.349
253	P	A	13.346	0.2728	0.0967	5.626843006306516	0.632
254	M	A	16.864	-5.3114	-5.8518	-7.267989640322532	0.334
255	Q	o	15.476	0.1514	0.0585	5.40103862242435	1.339
256	R	o	16.572	-1.5153	-1.701	5.774122669455664	1.736
257	N	o	24.204	-1.5526	-1.3819	6.297704032468286	1.193
258	L	o	15.89	-4.9564	-5.4444	-13.692848968767281	0.816
259	V	B	13.193	-8.2477	-8.3654	-7.527361241013798	0.48
260	V	B	13.911	-7.3351	-8.0509	-7.79930573906234	0.416
261	I	o	13.538	-6.2803	-5.5759	-9.905895079134792	0.568
262	P	o	12.323	2.6658	2.6035	5.15622207089626	0.516
263	K	B	13.804	1.7677	1.7441	8.966413655926317	0.375
264	S	o	13.072	0.4719	0.5422	5.763058487342804	0.646
265	V	o	17.856	-2.8021	-2.7142	-6.01220171088708	0.645
266	T	o	15.111	-1.1929	-1.7044	3.356665642512637	0.681
267	P	A	16.284	-0.0593	0.0662	5.484261862611531	0.537
268	E	A	27.69	-0.899	-0.9045	6.374735729237679	0.663
269	R	A	16.609	-0.8241	-1.0757	4.865942140501901	0.53
270	I	A	13.869	-7.1602	-6.9274	-10.964226268133979	0.487
271	A	A	15.614	-0.6898	-0.6465	2.19041147765773	0.505
272	E	A	19.312	-1.3362	-1.4783	6.2967216973020665	0.595
273	N	A	15.649	2.0285	2.1068	6.326735935761606	0.524
274	F	A	16.847	-6.9475	-6.5669	-13.168174649399134	0.453
275	K	o	29.008	0.3476	0.5469	8.534948584261727	0.684
276	V	o	17.614	-6.3035	-6.3976	-6.737397318872929	0.687
277	F	o	20.832	-2.2647	-2.2596	-12.542630912107382	1.396
278	D	o	30.366	0.5844	0.311	6.087958555110474	1.45
279	F	o	18.759	-0.2813	-0.5444	-12.56434634445735	1.338
280	E	o	25.398	0.7908	0.7073	6.382949092399485	1.401
281	L	o	14.665	-3.6386	-4.7176	-11.272963050678825	1.617
282	S	o	14.17	-0.0523	0.0399	5.232382570576575	1.208
283	S	A	18.967	-0.1835	-0.2742	4.937539440435988	1.544
284	Q	A	17.132	-0.4216	-0.5852	4.677829576644375	1.522
285	D	A	15.894	-0.4557	-0.6849	6.56939335275748	0.926
286	M	A	15.249	-2.0975	-1.8678	-6.648911193844397	0.828
287	T	A	12.786	-0.727	-0.754	3.0099098249678193	1.288
288	T	A	12.587	-0.8163	-0.938	3.6451498664887607	1.417
289	L	A	17.325	-4.7388	-4.9819	-12.140740703675132	1.039
290	L	A	13.985	-1.5018	-1.0455	-11.766017515738895	0.962
291	S	o	15.838	0.5923	0.8999	4.3294440853922564	1.45
292	Y	o	16.949	1.3753	1.3045	-2.699698240442989	0.918
293	N	o	14.824	0.2803	0.5093	0.0	0.94
294	R	o	43.195	-0.1797	-0.0727	0.0	1.29
295	N	o	23.084	-0.0611	-0.8036	0.0	0.816
296	W	o	26.271	-0.9024	-1.7558	0.0	0.681
297	R	o	21.329	-0.4423	0.1379	0.0	0.333
298	V	o	25.683	-3.591	-3.5589	0.0	0.42
299	C	o	16.688	-4.3858	-3.6397	0.0	0.489
300	A	o	16.96	-2.167	-1.3969	0.0	1.056
301	L	o	18.84	-2.4515	-4.3535	0.0	0.794
302	L	A	22.814	-2.8513	-2.142	0.0	0.919
303	R	A	36.88	-1.7889	n/a	0.0	0.813
304	D	A	27.602	1.0757	n/a	0.0	0.852
305	T	o	21.421	-1.2287	-0.9471	0.0	0.839
306	S	o	29.532	-0.1697	-0.9208	0.0	0.774
307	H	o	18.891	-0.1305	-1.0031	0.0	0.695
308	K	o	32.153	0.6564	-0.1578	0.0	0.592
309	D	o	21.981	1.7377	1.2909	0.0	0.783
310	Y	o	17.313	3.4676	2.1079	0.0	0.541
311	P	o	15.873	2.2944	2.1675	0.0	0.532
312	F	o	17.695	-0.5923	-0.4306	0.0	0.414
313	H	o	27.949	1.2722	0.9624	0.0	0.693
314	E	o	44.071	3.5481	2.9866	0.0	0.972
315	E	o	58.84	0.4266	0.4142	0.0	2.315
316	F	o	30.624	0.5493	0.6128	0.0	4.029
