AlnIndex	Residue	SecondaryStructure	B_Factor	ExpFrust	AFFrust	EvolFrust	RMSF
1	K	o	23.347	0.0483	-0.5867	5.015715782461299	1.795
2	V	B	20.804	-1.1814	-2.2874	-3.6543161646459397	1.386
3	F	o	20.487	-4.8082	-5.2692	-10.429922763256233	1.32
4	G	o	20.62	-1.5272	-1.6568	3.5213286574476235	0.919
5	R	A	24.157	-0.6083	-0.8041	4.803400500502376	0.879
6	C	A	23.83	-5.4273	-5.8591	-2.914812467109988	0.734
7	E	A	22.824	0.2667	0.0311	5.62758034396677	0.905
8	L	A	17.52	-8.3983	-8.5038	-12.377040124967786	0.677
9	A	A	19.34	-7.462	-7.5592	1.5651150280665913	0.595
10	A	A	20.176	-3.27	-3.7728	1.7432220769665874	0.834
11	A	A	20.572	-3.9448	-3.6541	1.8808221377635284	0.723
12	M	A	19.8	-6.9417	-7.8609	-5.390473545123224	0.588
13	K	A	26.66	2.0892	2.0872	7.9741587290193126	0.753
14	R	A	27.483	-0.735	-0.6168	3.9809606522637093	0.902
15	H	o	27.422	-0.5561	-0.629	1.8061089931808703	0.944
16	G	o	25.885	0.323	0.3288	3.060100085203975	1.225
17	L	o	24.496	-4.617	-4.4517	-10.85065399945934	0.971
18	D	o	27.954	-1.2273	-1.214	5.475699898830457	1.531
19	N	o	28.682	0.0763	-0.7293	4.930536562767477	1.968
20	Y	B	23.054	-0.7503	-0.8336	0.0	1.215
21	R	o	33.235	0.191	0.3059	0.0	2.093
22	G	o	18.575	-0.0749	0.2518	0.0	1.249
23	Y	B	14.588	-0.4032	-0.0747	-3.3513622819573414	0.785
24	S	o	17.392	-0.171	-0.4982	5.062420625984074	0.81
25	L	A	15.835	-7.2273	-7.3689	-9.893401771673348	0.355
26	G	A	14.412	-1.9042	-1.8519	3.720540029020203	0.37
27	N	A	14.905	2.2704	2.0588	5.298968198913378	0.44
28	W	A	15.559	-2.7942	-2.2165	-5.658001224404942	0.229
29	V	A	14.104	-11.0861	-10.6267	-5.29192032368686	0.353
30	C	A	13.627	-6.0132	-5.7734	-2.624336422774305	0.345
31	A	A	12.99	-4.3998	-4.2083	1.6684958361036861	0.263
32	A	A	12.986	-6.015	-6.1069	1.2615824562096027	0.442
33	K	A	18.45	2.6983	2.6632	7.723640331678636	0.382
34	F	A	16.465	-2.3457	-2.3082	-9.351854248695645	0.385
35	E	A	17.772	3.245	2.8432	6.021818545940487	0.577
36	S	A	16.762	1.4026	1.1558	3.400250056073117	0.763
37	N	o	21.996	0.2991	0.1929	4.031659356592286	1.241
38	F	o	17.801	-3.2069	-3.2352	-9.871883408699174	0.979
39	N	B	15.399	1.2187	0.8018	4.674257740719602	1.62
40	T	o	16.234	-0.5182	-0.6342	2.5849009908550777	1.141
41	Q	o	17.087	1.0385	1.0783	3.7692452124380584	1.379
42	A	o	14.008	0.3481	0.3895	1.8141232969567944	1.35
43	T	B	16.309	0.1463	0.136	2.6348677147994737	1.045
44	N	B	16.55	1.3147	1.0041	4.9068131143216736	1.301
45	R	B	27.69	-1.5153	-1.168	3.876752734777238	2.524
46	N	o	25.23	-1.7171	-1.7453	4.216223265983678	2.772
47	T	o	30.761	-0.965	-1.0003	1.9293345999269245	3.442
48	D	o	29.119	-2.1598	-1.6736	4.457563692181494	3.821
49	G	o	23.64	-0.9948	-1.163	2.9802610795363282	2.802
50	S	o	16.678	-1.2508	-1.4246	4.341382840608993	1.856
51	T	B	14.823	-0.9112	-1.0333	2.6391340910555527	1.11
52	D	B	17.82	-0.0322	-0.1089	5.473020239120537	0.816
53	Y	B	14.188	1.2953	1.1406	-2.6718294978808097	0.68
54	G	o	14.575	0.6074	0.4961	2.262641514324927	0.836
55	I	o	17.755	-8.8135	-9.1581	-7.24503874394638	0.563
56	L	o	17.55	-8.5506	-8.4473	-7.56693517416721	0.566
57	Q	o	16.67	2.9476	2.5804	3.5411667095010406	0.712
58	I	B	17.249	-8.159	-9.3726	-6.348317153425964	0.642
59	N	B	21.345	-0.4051	-0.5813	4.010276431762116	0.665
60	S	o	17.7	-1.9136	-2.0552	3.857538469360921	1.714
61	R	o	31.467	-1.3812	-2.0845	3.133834125249097	2.152
62	W	o	30.516	-2.2763	-2.3017	-4.934099588107469	1.924
63	W	o	20.349	-3.585	-3.4148	-4.359824748207398	2.765
64	C	o	17.737	-6.9265	-7.0134	-2.5474706010399624	1.04
65	N	B	19.725	-1.4806	-1.5519	4.3495690818089265	1.53
66	D	o	17.51	-1.4919	-1.834	5.033928199073102	1.902
67	G	o	22.31	-0.2458	-0.2922	3.1028754935459264	3.352
68	R	o	23.017	-2.0718	-2.8287	3.619817127889782	5.707
69	T	o	23.879	-0.8856	-1.025	2.722589858151034	6.973
70	P	o	30.767	-0.7295	-1.3343	4.198175463269338	7.976
71	G	o	32.925	-0.535	-0.379	0.0	8.811
72	S	o	30.277	-1.1061	-1.7674	0.0	8.038
73	R	o	37.555	-1.7365	-1.7649	0.0	6.048
74	N	o	24.285	-0.7929	-0.8303	3.8990604691215847	4.637
75	L	o	27.009	-3.8958	-3.531	-8.783103967946706	2.853
76	C	o	23.603	-6.9273	-7.2116	-2.561586242380366	2.018
77	N	o	24.509	-1.0919	-0.3309	3.8925557711466077	1.455
78	I	o	22.05	-6.7695	-6.5429	-8.575543957574064	0.985
79	P	B	18.431	0.5136	0.5084	4.07799178554145	1.069
80	C	A	16.263	-5.8406	-6.2412	-3.022236082237489	0.968
81	S	A	18.487	-0.4663	-0.3837	3.8816131532409157	0.945
82	A	A	20.954	-1.9242	-2.2465	1.5435135353706313	0.857
83	L	A	21.392	-8.5189	-8.6275	-11.207397884979622	0.836
84	L	A	18.539	-1.6892	-1.993	-9.838390620492568	1.037
85	S	o	22.66	0.1156	0.1545	5.000880732344052	1.368
86	S	o	24.448	-1.3428	-1.4063	4.318187033036141	1.408
87	D	o	27.499	0.637	0.5942	5.3654721007927835	1.406
88	I	o	20.335	-7.9985	-7.8409	-8.939619160745774	1.334
89	T	A	22.999	0.1451	0.111	2.7129028453729176	0.851
90	A	A	20.602	-3.8837	-3.6136	1.6658358480095365	0.484
91	S	A	17.828	2.1372	0.9063	5.500921729960342	0.492
92	V	A	18.707	-6.8639	-6.7287	-5.9206827707271374	0.319
93	N	A	23.652	1.041	1.0267	4.301232021944878	0.342
94	C	A	19.32	-6.5364	-6.6107	-3.413488488751927	0.596
95	A	A	16.6	-4.8587	-4.7875	1.30733459903148	0.403
96	K	A	20.353	0.8752	1.0167	7.300208969488112	0.441
97	K	A	25.526	2.1409	1.9343	7.55381738030908	0.838
98	I	A	17.771	-8.1163	-8.1189	-8.309933271365008	0.766
99	V	A	19.471	-4.3899	-4.0161	-5.346555736993585	0.698
100	S	o	26.348	-0.0685	0.116	4.211525065089033	1.001
101	D	o	32.619	-1.2823	-1.6578	0.0	1.088
102	G	o	24.703	-1.856	-1.6537	3.68671066877776	1.61
103	N	o	24.42	-0.8207	-0.9824	5.115214298933108	2.044
104	G	A	15.633	-0.8952	-1.1664	2.921232470082798	1.017
105	M	A	13.72	0.1145	0.6026	-5.9497223210788	1.055
106	N	A	16.023	1.6729	1.479	4.340931659927725	1.091
107	A	A	17.308	-2.0672	-1.282	1.6290120287868304	0.9
108	W	o	15.713	-0.913	-1.4915	-5.00432267102098	0.448
109	V	A	20.191	-0.2118	-0.022	-4.800596112191634	0.67
110	A	A	17.218	-1.3877	-1.2865	1.7770010496030384	0.475
111	W	A	13.924	-0.3792	0.5365	-5.378714813346697	0.417
112	R	A	26.787	0.5749	1.1057	4.496889321661235	0.661
113	N	A	17.441	0.7834	0.8771	4.123984336366244	0.733
114	R	A	17.075	0.9876	0.7935	4.338257901408024	0.936
115	C	o	15.512	-4.9578	-4.7861	-2.744459697489064	2.088
116	K	o	17.186	2.9295	3.2925	7.138721351720134	2.972
117	G	o	21.867	-1.7863	-2.567	3.1425251392721223	2.298
118	T	o	22.343	-0.8757	-0.9197	1.963522547048671	1.869
119	D	o	27.108	0.8738	0.75	4.170152375657614	1.639
120	V	A	22.943	-6.4158	-5.6131	-4.351200217379445	0.589
121	Q	A	31.698	1.3638	0.6304	3.6474405872766775	0.606
122	A	A	21.126	-3.2874	-3.1724	1.438717247077157	0.867
123	W	A	22.07	-1.3324	-1.5383	0.0	0.599
124	I	A	24.775	-7.5702	-7.3968	-4.869087621454092	0.546
125	R	o	36.09	-0.2723	-0.4976	2.5843973700168648	1.258
126	G	o	29.625	-1.8318	-2.0048	0.0	1.852
127	C	o	29.682	-5.6693	-6.3508	0.0	1.057
128	R	o	40.728	-1.2293	-1.4552	0.0	1.958
129	L	o	42.131	-5.6288	-5.2939	0.0	2.405
