AlnIndex	Residue	SecondaryStructure	B_Factor	ExpFrust	AFFrust	EvolFrust	RMSF
1	S	n/a	n/a	n/a	n/a	0.0	n/a
2	G	o	20.663	-0.419	0.4166	0.0	4.518
3	P	o	20.347	2.4264	2.3383	0.0	3.23
4	V	o	15.606	-1.7441	-2.442	0.0	1.837
5	P	o	14.519	1.1637	1.0659	0.0	1.92
6	S	o	10.343	0.8307	1.0103	0.0	1.99
7	R	o	23.204	-0.4523	-1.1437	0.0	1.469
8	A	o	10.92	0.0846	0.4026	0.0	1.423
9	R	o	28.466	-1.5201	-2.205	0.0	1.374
10	V	o	10.14	-1.8924	-2.0085	0.0	1.346
11	Y	o	9.478	-3.1902	-3.3421	0.0	1.403
12	T	o	17.014	-0.1827	-0.2337	0.0	1.324
13	D	o	22.621	0.2954	0.0476	0.0	1.231
14	V	A	14.871	-4.2187	-4.2831	0.0	1.129
15	N	A	17.163	1.8285	2.2593	0.0	0.913
16	T	A	29.023	-0.4187	-0.0461	0.0	1.351
17	H	A	34.586	0.057	0.1562	0.0	1.36
18	R	o	30.974	-1.0886	0.1036	0.0	1.4
19	P	o	27.744	2.7956	2.9888	0.0	2.142
20	S	A	24.867	0.5895	n/a	0.0	1.358
21	E	A	35.326	0.992	1.7174	0.0	1.082
22	Y	A	16.523	1.5793	2.0337	0.0	0.955
23	W	A	19.567	3.0138	3.6803	0.0	0.807
24	D	o	24.649	1.7886	1.8559	0.0	0.752
25	Y	A	23.718	1.6834	3.6843	0.0	0.673
26	E	A	41.471	0.26	0.5294	0.0	1.131
27	S	A	34.112	0.6383	1.1457	0.0	1.504
28	H	o	30.156	-0.2872	-0.3449	0.0	2.16
29	V	o	33.019	-0.5175	0.6437	0.0	2.275
30	V	o	36.761	-2.9709	-2.8323	0.0	2.657
31	E	o	55.549	1.4232	0.8525	0.0	1.774
32	W	o	33.967	-1.3141	0.589	0.0	1.159
33	G	o	26.607	-0.635	-0.8536	0.0	1.312
34	N	o	42.766	-0.2404	-0.3353	3.0767684020369246	1.261
35	Q	A	32.548	-0.4647	-0.6704	3.357658321738032	1.136
36	D	A	39.774	-0.0865	-0.0705	4.421780782073244	1.824
37	D	A	30.934	2.4948	2.1994	5.447939322250597	1.437
38	Y	B	22.238	-3.9852	-4.6229	-2.7190396804507575	0.634
39	Q	B	46.044	1.7863	0.7796	4.312240937251485	0.586
40	L	B	22.07	-4.9968	-6.3133	-10.098734797774412	0.523
41	V	B	26.094	-4.9665	-5.2668	-5.565614836865172	0.716
42	R	B	40.125	-0.47	-1.2436	3.4832023364254767	0.612
43	K	B	29.851	0.8039	0.6117	7.260228173000889	0.667
44	L	B	26.346	-2.5107	-2.0716	-8.971309065418453	0.729
45	G	B	25.675	0.6133	0.0487	3.2668921156364137	0.859
46	R	B	37.04	0.5467	0.338	3.7737855083589573	1.894
47	G	o	31.823	1.0457	1.502	2.893260271894214	1.775
48	K	o	46.358	1.8355	1.6378	7.333603469333531	2.304
49	Y	o	33.85	2.9306	1.6175	-3.37895843782674	1.105
50	S	B	20.978	1.4941	1.6451	4.624362541150923	0.664
51	E	B	35.396	-0.9613	-0.8765	4.340082467845294	0.591
52	V	B	19.59	-3.9493	-4.5335	-4.674053258883568	0.557
53	F	B	20.252	-5.0105	-5.9016	-10.380770272013335	0.359
54	E	B	38.956	-0.7731	-0.7138	5.139580713976592	0.37
55	A	B	21.144	-6.6129	-6.8218	1.262613429372574	0.29
56	I	B	27.524	-2.7849	-3.7058	-8.943721384749216	0.46
57	N	B	29.786	1.3498	1.0725	5.1498841911115845	0.596
58	I	o	31.809	-0.6724	-0.8693	-7.606496730356077	0.856
59	T	o	38.626	0.477	0.3863	2.605284978237729	1.401
60	N	o	49.34	0.368	0.0524	5.1783641961247	1.487
61	N	o	49.115	-0.4118	-0.5932	4.7003924791356555	1.019
62	E	B	52.158	-0.3021	-0.5395	5.282724351826777	0.652
63	K	B	44.061	-2.3347	-2.3077	7.608982483687824	0.58
64	V	B	19.839	-7.1915	-7.5939	-5.672668469404602	0.349
65	V	B	18.44	-7.8445	-7.9816	-4.89506602275353	0.272
66	V	B	16.919	-10.4354	-11.0859	-5.905558473995945	0.151
67	K	B	20.213	1.3244	4.3445	6.14559307056701	0.125
68	I	B	15.135	-5.4372	-6.3715	-9.106009278557083	0.372
69	L	B	20.511	-1.8145	-3.014	-10.442228253141916	0.451
70	K	o	30.439	2.4122	2.0125	7.182675750277619	0.857
71	P	o	38.22	0.2406	0.8875	4.187694577594632	1.309
72	V	o	44.514	-1.5575	-0.5762	-4.584580269394875	1.208
73	A	o	41.482	-0.2187	n/a	1.2692062307791467	0.898
74	A	A	37.504	-0.6342	n/a	1.5198405973359466	0.589
75	A	A	31.932	-1.2773	n/a	1.703995836618177	0.25
76	K	A	36.619	4.0475	2.4813	7.725311523000241	0.234
77	I	A	25.953	-4.3345	-4.6733	-7.878161012389096	0.236
78	K	A	37.468	4.4425	2.9075	7.586246281595023	0.163
79	R	A	16.282	0.2241	-1.2338	4.306831821439154	0.156
80	E	A	16.159	0.4586	1.3346	4.791797392455524	0.15
81	I	A	18.865	-5.8563	-6.0869	-8.834817764772268	0.226
82	K	A	20.241	1.8491	1.8533	7.335870894898359	0.424
83	I	A	12.758	-7.326	-7.1667	-8.696499997480451	0.399
84	L	A	13.924	-7.4303	-7.3742	-11.652437212002317	0.533
85	E	A	23.533	-1.3298	-1.4678	5.610775444750324	0.551
86	N	A	15.231	1.6158	1.769	5.205176402551759	0.687
87	L	A	13.249	-9.314	-9.8095	-10.068461968837985	0.553
88	R	o	21.399	-1.6959	-1.5699	3.7053862350074653	0.656
89	G	o	17.887	-2.4324	-2.4492	0.0	0.869
90	G	o	14.238	-1.0713	-1.1678	3.6235481179406324	1.028
91	P	o	12.814	-0.056	0.0196	3.8895067102487366	0.846
92	N	o	12.754	1.7994	1.7258	5.3557678300701355	0.555
93	I	B	13.328	-7.5896	-7.5789	-8.617502312447593	0.483
94	I	o	11.113	-8.1342	-8.7279	-8.654822765542145	0.574
95	T	o	13.99	-1.891	-2.0133	2.995693192365539	0.751
96	L	B	15.128	-7.9083	-7.8754	-11.03943885392116	0.271
97	A	B	20.726	-5.5827	-5.9015	1.8645609636306457	0.478
98	D	B	20.129	1.7099	1.2306	6.403031561414477	0.288
99	I	B	20.766	-7.8535	-8.3487	-8.989628452636872	0.427
100	V	B	18.996	-3.7026	-4.7159	-5.782116781567909	0.431
101	K	B	35.778	-0.0582	0.2051	7.838862439418814	0.755
102	D	o	17.436	-0.3414	-0.8177	5.494318438818589	1.523
103	P	o	20.489	-0.1291	0.0376	3.755445943240626	2.919
104	V	o	18.596	-1.0975	-0.0833	0.0	3.935
105	S	o	16.98	0.7048	0.3608	0.0	3.278
106	R	o	27.333	0.269	0.704	3.7696980380222302	2.357
107	T	o	19.561	0.096	-0.8283	2.9403022623954542	1.592
108	P	B	19.274	1.6045	2.1974	4.408139675007868	0.881
109	A	B	16.242	-3.2919	-5.8344	1.369605578822685	0.377
110	L	B	16.241	-8.2289	-8.3355	-10.688854780628688	0.127
111	V	B	15.251	-8.3748	-8.6147	-6.365972339244979	0.19
112	F	B	14.115	-9.1901	-9.1432	-10.463160774177044	0.275
113	E	B	23.631	-1.3874	-1.5316	5.278468781725475	0.448
114	H	o	25.817	-1.3423	-2.3115	1.4984980966507322	0.746
115	V	o	23.039	-3.3254	-4.2513	-5.646974217756272	0.871
116	N	o	37.692	-0.5146	-0.4417	4.573427261316773	1.044
117	N	o	38.884	-0.0539	-0.0785	5.006560524275804	1.852
118	T	o	29.834	-1.4517	-1.4991	3.0565295285269762	1.874
119	D	o	36.358	0.1091	0.9964	6.474651016467844	1.228
120	F	A	32.934	-1.1194	-0.5384	-10.322545231886316	0.85
121	K	A	42.892	0.4606	-0.2698	7.177787981336595	1.111
122	Q	A	35.818	0.2687	1.222	4.04838743135291	0.932
123	L	A	22.126	-3.8993	-2.7058	-10.750430735120457	0.746
124	Y	A	23.022	2.7581	2.8995	-3.551228847123603	0.87
125	Q	A	19.938	-0.627	-1.4535	4.026853679461714	1.153
126	T	A	22.249	-0.3247	0.1429	2.7137587203591655	0.905
127	L	o	20.895	-4.3782	-4.1385	-10.330049899823257	0.682
128	T	o	15.013	-0.7175	-0.9994	2.7661246516758253	0.797
129	D	A	13.935	1.7032	0.8576	5.679932129788564	0.57
130	Y	A	12.101	-1.7696	-1.9814	-3.029184544805706	0.25
131	D	A	17.422	1.7055	2.4663	5.795496545252047	0.221
132	I	A	11.101	-6.5448	-7.3229	-10.183527723078035	0.223
133	R	A	9.67	0.6634	0.0156	4.010237769955594	0.171
134	F	A	12.872	-2.6613	-3.3072	-9.652657943143367	0.181
135	Y	A	12.283	-3.4348	-3.1117	-3.661839675664288	0.315
136	M	A	10.102	-3.9954	-5.3434	-7.496899309695113	0.172
137	Y	A	11.975	-2.2725	-4.1181	-3.4598745278097964	0.26
138	E	A	12.409	-1.3906	-1.1011	6.042197964784392	0.26
139	I	A	9.318	-8.1861	-9.7416	-9.79081490537224	0.278
140	L	A	9.338	-8.0429	-8.5766	-10.855913108741118	0.183
141	K	A	12.712	-0.1431	-0.5352	6.915981499906246	0.14
142	A	A	9.392	-3.5184	-3.7837	1.585708116377502	0.208
143	L	A	8.004	-6.714	-7.7061	-10.71946800708369	0.111
144	D	A	10.45	-0.3166	-0.1357	5.293280231806409	0.096
145	Y	A	11.144	-3.938	-3.8028	-3.64525260489112	0.249
146	C	A	9.21	-8.7964	-9.2253	-3.8750226940331136	0.184
147	H	A	6.885	-1.7691	-1.8048	1.3011624709261373	0.135
148	S	A	9.75	-1.0265	-1.0923	4.249612072503564	0.186
149	M	o	10.74	-4.959	-4.7924	-5.300627325769184	0.177
150	G	o	9.038	-0.1844	0.0203	3.6817829234639583	0.178
151	I	B	10.221	-7.0857	-7.1602	-8.584496878342778	0.163
152	M	B	10.718	-6.4756	-6.1693	-5.4354406317913915	0.168
153	H	o	9.068	-2.1209	-2.337	1.5417339996699029	0.512
154	R	o	10.518	-0.4225	-0.4564	3.868231820756376	0.678
155	D	o	13.706	0.3894	0.7902	4.588330098591302	0.67
156	V	o	11.206	-6.7133	-6.5091	-5.755905171918213	0.873
157	K	o	14.802	3.0502	2.5532	6.594954383230575	1.137
158	P	A	14.223	0.4288	0.8801	4.273734008696776	1.018
159	H	A	21.062	-0.648	-0.5593	1.499961163372183	1.26
160	N	A	13.245	0.3483	0.3152	3.890265305314068	0.648
161	V	B	13.73	-5.9443	-5.6337	-6.320967591741871	0.433
162	M	B	18.562	-2.607	-2.8555	-5.919991351792329	0.443
163	I	B	16.124	-5.1825	-4.6852	-8.522666575340137	0.566
164	D	B	22.786	1.755	-0.5811	5.377645463453925	1.106
165	H	A	23.526	-2.0556	-1.5998	1.057598172603596	1.871
166	E	A	43.164	0.0798	-0.375	3.7082388262292865	1.76
167	H	A	27.677	-0.9188	-0.4062	0.0	0.967
168	R	o	37.684	-1.2634	-2.0093	3.614571705102686	0.953
169	K	B	32.443	-0.5497	-0.5363	6.814047681735821	0.499
170	L	B	13.12	-3.4055	-3.7761	-11.651123204038077	0.215
171	R	B	15.716	-1.2678	-2.2761	4.001544670811643	0.316
172	L	B	11.046	-8.043	-9.366	-10.761209423161027	0.221
173	I	o	12.005	-6.4274	-6.7853	-9.44138015539901	0.437
174	D	o	18.988	0.8623	0.929	4.614713479285791	0.638
175	W	o	11.841	-6.3651	-6.4489	-4.969796693816031	0.926
176	G	o	14.635	1.0445	0.2688	3.2019801660234717	1.112
177	L	o	16.911	-1.2292	-2.0703	-10.88106050773824	0.826
178	A	o	11.042	-5.4443	-5.6334	1.3381628329538409	0.92
179	E	B	15.25	0.6094	1.5689	5.683046148889879	0.487
180	F	B	11.95	-4.3848	-4.0457	-10.11220866885949	0.572
181	Y	o	9.787	-3.2039	-2.9318	-2.8370551368667343	0.752
182	H	o	12.838	-0.185	-0.3554	1.1898828435590938	1.713
183	P	o	13.211	1.2572	1.5252	3.623540888741493	1.847
184	G	o	13.488	0.2959	0.088	3.5159328095674387	2.343
185	Q	o	20.923	0.3581	0.5171	4.013514529535673	2.579
186	E	o	24.466	2.1317	1.8185	5.1398212749625385	1.901
187	Y	o	11.805	-0.6054	-1.0122	-3.403511383378241	1.613
188	N	o	17.288	1.6656	1.645	4.941694462381903	1.349
189	V	o	14.623	-2.094	-2.2245	-4.792838511574377	1.395
190	R	o	42.467	0.5547	-0.3387	4.355017188291293	1.635
191	V	o	15.86	-3.8841	-3.9784	-5.362139525827041	1.161
192	A	o	19.628	-1.9632	-2.0011	1.6921783077532502	1.849
193	S	o	19.603	1.1384	1.1097	4.575768262585155	0.975
194	R	A	21.923	-0.5481	-0.7324	4.292587189473136	0.539
195	Y	A	17.046	2.2583	2.6726	-3.7845953439680455	0.555
196	F	A	12.578	-3.3912	-4.3653	-9.735324864778454	0.56
197	K	o	12.333	3.6476	3.2337	8.271062036057401	0.632
198	G	o	10.915	-0.6402	-0.2106	3.7841998805171158	0.557
199	P	A	10.706	1.104	1.0143	3.191458337627697	0.799
200	E	A	10.82	3.6137	3.2441	4.829796577136508	0.92
201	L	A	10.399	-3.7713	-3.7764	-10.966624225293344	0.55
202	L	A	11.681	-1.2956	-1.7458	-11.177899506555534	0.451
203	V	o	12.484	-7.6671	-7.6372	-5.083801749807148	0.973
204	D	o	24.793	3.3064	3.1862	5.452629721278155	0.892
205	Y	o	11.41	-2.5929	-4.2878	-2.1865125409502215	0.889
206	Q	o	15.217	2.2847	2.2509	0.0	0.977
207	M	o	11.421	-0.4686	-0.6491	-5.3039225118368805	0.686
208	Y	o	8.939	-0.9166	-0.8779	-3.659949429030851	0.488
209	D	o	8.921	1.2338	1.3854	5.740911258943757	0.655
210	Y	o	7.321	-3.8135	-3.6504	-3.353648564519409	0.315
211	S	A	7.322	0.8539	0.8203	4.523619353153256	0.322
212	L	A	10.21	-4.941	-4.8337	-10.690416002275434	0.286
213	D	A	8.657	4.9153	4.6836	4.883915860491302	0.09
214	M	A	8.898	-6.4503	-6.7782	-5.941208503272336	0.082
215	W	A	8.001	-1.4668	-1.2231	-5.9648640747588235	0.146
216	S	A	8.652	0.825	0.3524	4.795996884767096	0.412
217	L	A	9.338	-8.3265	-10.3967	-12.606058864295296	0.41
218	G	A	8.422	-1.4892	-1.2513	3.374923609715444	0.48
219	C	A	8.53	-8.6793	-7.7674	-3.8297938178261934	0.474
220	M	A	12.18	-3.4176	-3.0535	-6.973320140328508	0.553
221	L	A	11.029	-9.5572	-10.8914	-11.100961030262733	0.491
222	A	A	8.984	-4.8392	-4.6936	1.5211511997097802	0.171
223	S	A	11.777	-0.4475	-0.3642	5.356220150021021	0.26
224	M	A	14.986	-1.6674	-1.5967	-6.618718500970317	0.396
225	I	A	12.17	-8.3532	-11.0699	-8.082839269604799	0.228
226	F	o	9.902	-4.0427	-3.8936	-9.744279578377162	0.293
227	R	o	19.438	-0.2908	-0.7003	3.895559688240071	0.422
228	K	o	22.551	0.7531	0.6146	0.0	1.52
229	E	o	37.524	-1.1423	-2.5502	5.167370765096765	0.963
230	P	o	18.32	0.5048	0.8606	4.369003641412985	1.067
231	F	o	12.438	-3.537	-4.768	-9.994292193506716	0.587
232	F	o	11.259	-2.6899	-2.7341	-10.022236922984144	0.362
233	H	o	23.677	-0.2469	-0.5146	1.2028919594457588	1.091
234	G	o	17.137	0.0778	0.0311	3.748748576094194	1.424
235	H	o	29.807	-0.3044	-0.3033	1.0278142817016942	0.923
236	D	o	21.105	0.5522	0.3938	4.725744670302136	0.636
237	N	A	22.106	0.133	0.0245	4.6524883168058775	0.476
238	Y	A	21.848	-0.3297	-1.0232	-3.060684843096109	0.36
239	D	A	14.701	-0.623	-0.8798	4.7200614526214295	0.375
240	Q	A	11.478	2.1464	2.1298	4.474537334488894	0.236
241	L	A	10.026	-4.9485	-5.2658	-8.850056992345847	0.16
242	V	A	11.114	-4.0881	-4.8279	-4.278944242271229	0.143
243	R	A	22.43	1.354	1.2876	3.378699741431415	0.098
244	I	A	9.654	-6.0855	-6.0514	-7.7439142558333325	0.093
245	A	A	9.606	-4.2121	-4.3789	1.1190198018198796	0.12
246	K	A	18.617	3.3954	3.4211	4.0203793638506315	0.123
247	V	A	10.184	-3.4347	-2.9309	0.0	0.151
248	L	A	10.319	-2.2403	-1.8699	0.0	0.525
249	G	o	10.505	0.7889	0.81	0.0	0.738
250	T	A	10.287	-0.2198	-0.2986	0.0	0.829
251	E	A	22.25	0.4923	0.3818	0.0	0.954
252	D	A	14.441	3.2614	3.1855	0.0	0.897
253	L	A	10.358	-4.4519	-5.1934	0.0	0.743
254	Y	A	18.772	0.6227	0.1138	0.0	0.835
255	D	A	17.023	2.066	1.9095	0.0	0.754
256	Y	A	11.125	1.9788	1.9322	0.0	0.604
257	I	A	12.335	-4.3598	-4.9659	0.0	0.632
258	D	A	13.725	1.9566	2.4858	0.0	0.706
259	K	A	14.798	-1.4733	-1.3184	0.0	0.796
260	Y	o	12.528	-4.2233	-3.9053	0.0	0.759
261	N	o	18.721	2.6777	2.6471	0.0	0.874
262	I	o	18.491	-3.3554	-4.2227	0.0	1.176
263	E	o	36.7	2.427	2.3866	0.0	1.387
264	L	o	22.373	-4.4429	-5.4016	0.0	1.686
265	D	o	21.574	1.3336	1.4449	0.0	1.646
266	P	A	20.787	0.5444	0.3716	0.0	1.614
267	R	A	29.377	-2.3659	-2.1763	0.0	1.338
268	F	A	17.831	-3.279	-4.0558	0.0	0.87
269	N	A	27.488	-0.6373	-0.9097	0.0	1.442
270	D	A	35.92	-1.2494	-1.6322	0.0	2.747
271	I	o	21.442	-3.6243	-4.2508	0.0	2.583
272	L	o	18.773	-5.4439	-6.361	0.0	1.641
273	G	o	16.925	0.1067	0.0692	0.0	1.983
274	R	o	17.18	-1.1447	-1.3775	0.0	2.022
275	H	o	13.273	0.8668	0.865	0.0	2.597
276	S	o	14.068	1.4567	0.8596	0.0	2.558
277	R	o	23.004	-0.1717	0.1924	0.0	2.173
278	K	o	12.907	4.0766	4.128	0.0	2.325
279	R	o	19.045	0.8414	0.8006	0.0	1.538
280	W	A	14.479	-3.5451	-4.4201	0.0	0.897
281	E	A	24.712	-1.044	-1.1838	0.0	1.107
282	R	A	27.982	0.8188	1.2086	0.0	1.044
283	F	A	15.014	-1.2109	-1.1191	0.0	0.72
284	V	o	12.914	-4.5104	-4.3715	0.0	0.603
285	H	o	11.99	-0.6946	-0.5957	0.0	0.93
286	S	o	17.167	0.2162	0.2075	0.0	1.282
287	E	o	19.239	-0.1402	-0.5756	0.0	1.57
288	N	o	11.79	1.8147	1.4368	0.0	1.452
289	Q	A	25.217	-0.4847	-0.5982	0.0	0.973
290	H	A	16.591	-0.4836	0.3395	0.0	0.873
291	L	A	14.536	-2.6332	-3.4305	0.0	0.662
292	V	o	15.877	-5.5016	-5.2999	0.0	0.592
293	S	o	13.917	0.2326	-0.1769	0.0	0.585
294	P	A	15.946	0.4967	0.6632	0.0	0.492
295	E	A	20.931	2.6709	2.297	0.0	0.43
296	A	A	9.888	-4.4178	-4.7081	0.0	0.39
297	L	A	13.47	-3.9198	-4.4932	0.0	0.218
298	D	A	15.949	2.0122	2.2392	0.0	0.263
299	F	A	10.995	-2.5776	-3.7864	0.0	0.157
300	L	A	10.246	-10.1298	-10.2971	0.0	0.139
301	D	A	13.622	-1.0374	-1.157	0.0	0.16
302	K	A	16.409	-1.8452	-1.8542	0.0	0.395
303	L	A	9.047	-7.1885	-7.2418	0.0	0.25
304	L	o	9.781	-6.4253	-5.8236	0.0	0.412
305	R	o	22.955	-1.1982	-1.3131	0.0	0.91
306	Y	o	9.071	-3.0568	-2.9961	0.0	0.729
307	D	o	11.308	0.8348	0.9259	0.0	0.894
308	H	A	9.551	-0.5012	-0.6238	0.0	0.783
309	Q	A	13.899	-0.1825	-0.1686	0.0	0.656
310	S	A	11.858	-0.2564	-0.3382	0.0	0.711
311	R	o	7.506	-1.0872	-1.4153	0.0	0.604
312	L	o	11.755	-3.5497	-4.1563	0.0	0.123
313	T	o	8.674	-1.1545	-0.9615	0.0	0.436
314	A	A	8.402	-2.7251	-3.0917	0.0	0.327
315	R	A	21.282	-2.7388	-2.9552	0.0	0.347
316	E	A	14.973	-0.8587	-1.8594	0.0	0.531
317	A	A	11.258	-3.3589	-3.1045	0.0	0.514
318	M	A	13.901	-1.5969	-3.5309	0.0	0.561
319	E	o	23.622	-0.1528	-0.2211	0.0	0.616
320	H	o	10.227	-1.2384	-1.8166	0.0	0.746
321	P	A	10.477	0.4909	0.4447	0.0	0.744
322	Y	A	9.463	-0.7788	-1.0124	0.0	0.675
323	F	A	8.837	-3.8153	-5.0127	0.0	0.526
324	Y	o	10.783	-0.093	-0.8562	0.0	0.861
325	T	o	11.17	1.3441	0.5293	0.0	0.963
326	V	o	11.356	-4.5829	-5.324	0.0	0.834
327	V	o	14.143	-1.2887	-3.5588	0.0	2.222
328	K	o	32.176	-0.9123	-0.241	0.0	3.865
