AlnIndex	Residue	B_Factor	ExpFrust	AFFrust	EvolFrust
1	G	n/a	n/a	n/a	0.0
2	G	n/a	n/a	n/a	0.0
3	S	n/a	n/a	n/a	0.0
4	S	n/a	n/a	n/a	0.0
5	S	n/a	n/a	n/a	0.0
6	M	n/a	n/a	n/a	-3.4279528083615762
7	G	53.773	-0.1723	-0.6112	3.5532340722559783
8	L	28.899	-3.5574	-3.7944	-12.093667197040782
9	K	35.68	2.1837	1.8813	9.572874776733826
10	A	25.42	0.6287	0.5552	1.7856793325906295
11	A	27.178	-0.7551	-0.8481	1.6795411023995737
12	Q	24.793	0.6768	0.7772	7.437081328696302
13	K	26.518	1.9431	1.8348	12.736899824682089
14	T	28.593	-0.1785	-0.0853	5.419279134093286
15	L	30.59	-2.6513	-2.4309	-16.853380587815657
16	F	20.689	-2.6608	-2.7778	-9.115201648152116
17	P	24.511	3.8263	3.8828	4.2357531632326415
18	L	16.664	-6.0216	-6.0367	-17.445953772809222
19	R	24.297	-0.6404	-0.454	7.033234007511342
20	S	16.533	-0.2302	-0.3896	8.949244942938668
21	I	16.595	-7.0267	-7.056	-13.25424796941436
22	D	20.788	-1.5983	-1.5325	9.435021321272679
23	D	18.09	-0.2615	-0.7705	11.016009217441981
24	V	14.671	-9.5562	-10.4593	-9.77241598740961
25	V	14.841	-7.4841	-7.6663	-9.509824101357912
26	R	29.875	-1.4511	-1.5916	6.66256181521203
27	L	16.179	-7.3874	-7.5257	-17.69675397032566
28	F	13.764	-9.1342	-9.2604	-13.205139735842128
29	A	15.238	-5.1055	-5.2514	2.733366679817855
30	A	18.226	-2.0059	-2.1402	2.8354785124730895
31	E	18.221	1.1181	1.2346	12.300315901956358
32	L	19.767	-5.9724	-5.7242	-13.593907440018006
33	G	26.887	1.1491	1.0601	5.10529652729632
34	R	38.998	-2.543	-2.5334	6.37484624743382
35	E	48.006	-0.5247	-1.7075	8.844588546494379
36	E	31.908	-1.1197	-0.9871	9.138098209988561
37	P	18.86	1.2885	1.1465	4.844809242349297
38	D	15.669	0.2605	0.1141	12.185437991167515
39	L	13.684	-6.4262	-7.4351	-10.306608784862922
40	V	14.406	-9.4695	-9.4105	-9.828184759401905
41	L	15.508	-7.6969	-7.8126	-17.87748888175917
42	L	12.385	-10.469	-10.9635	-16.9207790971582
43	S	12.958	0.929	0.8903	4.572533557179812
44	L	14.703	-13.326	-13.7119	-18.77580064673121
45	V	14.024	-13.4526	-12.8322	-10.429180114927954
46	L	13.331	-12.4756	-12.4266	-19.948091061479843
47	G	13.062	-0.3629	0.0541	3.622355916197337
48	F	14.865	-7.4413	-6.7299	-21.195990335571256
49	V	18.067	-10.5202	-10.0619	-12.909108469448688
50	E	15.896	6.1248	6.1807	5.960573246752191
51	H	16.787	-1.675	-1.1586	3.0561958223223833
52	F	18.518	-2.8636	-2.1442	-20.269956207641325
53	L	17.831	-6.2311	-2.8729	-13.927383803346379
54	A	17.214	-3.3437	-3.1211	2.4473878038655754
55	V	21.076	-1.357	-0.5248	-11.173110696975002
56	N	30.104	1.1138	0.7697	11.652755637148642
57	R	23.189	-0.846	-0.2229	9.704821983526879
58	V	29.181	-0.589	0.058	-9.15538625027387
59	G	31.012	1.0948	0.169	5.635349598369334
60	L	22.269	-1.1233	0.888	-16.75065635141647
61	T	22.274	-0.118	0.273	4.963514385880348
62	Y	21.485	2.4005	1.6325	-5.743097051935652
63	F	19.659	-3.8851	-3.6191	-22.378936373182928
64	P	17.743	0.6865	0.8828	4.415563267904537
65	V	20.391	-2.9418	-1.7367	-8.986256318114437
66	A	16.698	-6.3081	-6.161	2.826833470829689
67	D	23.883	1.909	2.0918	10.846039208805067
68	L	22.286	-2.8202	-2.9826	-19.29120872770215
69	S	21.838	0.9055	0.9808	8.603704756694098
70	I	22.002	-5.3995	-5.1499	-15.05038304512738
71	I	16.054	-9.7774	-9.7485	-14.31245762573436
72	A	18.122	-4.294	-3.7946	3.038202448497175
73	A	19.286	-3.9729	-4.4698	3.2596826410017936
74	L	19.354	-10.9109	-11.2089	-12.796556320323793
75	Y	17.623	-7.6496	-7.0291	-4.787638588599149
76	A	19.314	-3.4555	-3.5753	2.526141909183073
77	R	18.537	-0.4881	0.1764	7.809121217250849
78	F	17.217	-8.4682	-9.5644	-10.512943335498724
79	T	22.967	-0.5108	-0.535	5.821928509843642
80	A	25.504	-1.7984	-2.2233	2.4814486284252495
81	Q	27.401	1.0777	0.8411	6.604047339925944
82	I	19.871	-9.8474	-9.4595	-15.438917394209726
83	R	40.016	-0.3832	-0.294	9.17209504983279
84	G	28.277	-0.396	-0.4609	7.115774864107727
85	A	21.34	-1.4951	-1.7008	2.904066603531503
86	V	22.45	-7.6665	-8.1902	-10.142531989382837
87	D	28.624	2.3089	2.341	12.167098151912175
88	L	26.934	-1.8967	-1.9131	-20.145969622555832
89	S	31.762	1.4543	1.5653	10.304320659862002
90	L	35.049	-0.9529	-1.0283	-18.700842843059945
91	Y	26.274	-0.5438	-0.3325	-6.499537867048946
92	P	41.147	0.4705	0.4812	5.960354295221374
93	R	42.18	1.0312	0.9806	3.920763957830643
94	E	54.868	0.8767	0.644	0.0
95	G	49.237	1.4464	1.4742	2.6625018490997863
96	G	48.895	1.0275	0.945	6.108165168645045
97	V	26.046	-1.3387	-1.1983	-7.550640043652349
98	S	17.522	0.869	0.7562	9.55103574590928
99	S	16.265	0.3295	0.406	7.519609306037254
100	R	13.624	-0.2305	-0.1717	6.094984467704164
101	E	19.249	-0.0026	0.0059	8.988370744719711
102	L	16.34	-3.0152	-3.0424	-18.08429084947736
103	V	15.089	-8.6531	-8.2872	-10.383097809474364
104	K	23.577	0.4097	0.8221	11.467718610754337
105	K	18.744	1.4846	1.1876	13.579235547879762
106	V	15.157	-12.5327	-12.4631	-9.586535329729774
107	S	17.053	-0.1816	-0.157	9.738593671452547
108	D	18.619	-1.5653	-1.7676	7.768576787560768
109	V	16.986	-5.2705	-5.3823	-9.345632682714495
110	I	16.343	-9.564	-9.6739	-14.513458866031167
111	W	30.006	-3.1936	-3.2896	-6.613533762316173
112	N	25.881	-1.4764	-0.8622	9.170409424964419
113	S	19.845	-0.9153	-1.4317	8.454463651467833
114	L	19.3	-3.4491	-4.2118	-14.804794163701253
115	S	30.86	2.2825	1.2586	9.235080781252547
116	R	43.352	0.5133	0.1205	9.401451576387492
117	S	41.323	1.231	1.3195	7.131237483875817
118	Y	31.637	1.1204	1.1609	-6.165186813008643
119	F	48.781	0.3412	0.3274	-19.62255856643596
120	K	45.286	-0.0012	0.0261	11.138578207875549
121	D	43.136	-1.1647	-1.1049	8.168690256323508
122	R	54.547	-0.1211	-0.3957	7.998104637510551
123	A	19.596	1.7748	2.0344	2.8507802231606068
124	H	16.936	1.3747	1.459	1.3886970801804637
125	I	15.896	-1.126	-1.0199	-16.815984730851643
126	Q	13.673	1.3669	1.5369	4.219995284241888
127	S	13.623	-0.3715	-0.2578	9.661222233464812
128	L	13.96	-13.5979	-13.2138	-20.689056676906436
129	F	14.048	-8.6924	-8.1408	-18.132261275725366
130	S	14.633	1.7912	1.8264	5.73876010931465
131	F	14.835	-5.4923	-5.7223	-20.225017944514594
132	I	16.624	-6.9143	-6.9476	-16.305855249491145
133	T	17.173	-1.1608	-0.7385	5.858354026950445
134	G	17.845	-1.0754	-0.8101	6.206500522531745
135	T	18.604	-0.4144	-0.7747	5.705066215586684
136	K	25.277	3.0945	2.5288	13.866363844296373
137	L	13.323	-6.594	-6.8378	-11.229809083087707
138	D	14.064	0.7691	0.7041	5.466825309704387
139	S	15.412	-0.1613	0.5796	10.468346263559637
140	S	13.17	-1.2547	-1.6064	9.45751966980855
141	G	12.47	-0.6375	-0.7025	3.368924683496181
142	V	13.649	-7.9371	-7.9207	-9.732977049249712
143	A	11.758	-7.1248	-6.9736	2.6054417805607475
144	F	12.989	-6.3392	-6.5871	-18.997242482676437
145	A	13.428	-7.988	-7.9128	2.25608144154232
146	V	13.557	-13.5423	-13.4212	-8.52175575484465
147	V	12.45	-12.0766	-11.7607	-7.689744919623656
148	G	14.205	-0.8176	-0.6706	4.350906130428915
149	A	15.516	-6.7977	-7.4581	2.703421259997652
150	C	15.563	-9.426	-8.7787	-5.187537339335904
151	Q	17.018	0.57	0.4576	4.4719786337093055
152	A	21.318	-5.2077	-5.4554	2.4241319181748238
153	L	20.516	-6.8441	-6.9588	-10.405874820889279
154	G	20.997	0.4617	0.605	5.200022410951294
155	L	19.595	-4.7889	-5.3329	-19.752803655658155
156	R	41.411	-3.4919	-3.7642	5.404001559576404
157	D	16.384	2.8141	3.1039	6.83376927176797
158	V	15.374	-10.0003	-9.3058	-7.228278914186568
159	H	15.175	-1.8777	-1.8809	2.04308913061222
160	L	11.81	-10.6835	-11.0215	-10.583567984992154
161	A	11.19	-4.8664	-4.5486	1.9110970606088333
162	L	11.723	-3.8195	-3.9446	-20.68107712339234
163	S	10.785	2.0376	2.2427	5.470892914534775
164	E	11.817	6.1051	5.7847	7.4174009333941475
165	D	15.169	3.7111	4.0863	5.410559328571732
166	H	12.77	0.6556	0.5065	1.294436269971907
167	A	11.814	-3.8401	-4.2583	3.052378958984455
168	W	11.78	-4.3681	-4.3623	-4.6624582974381585
169	V	14.319	-12.3972	-11.8749	-9.301964712795396
170	V	15.564	-5.7044	-5.612	-7.445656759039641
171	F	14.206	-5.4051	-5.2897	-16.970985821430844
172	G	16.438	-0.2576	-0.2639	4.432665930240211
173	P	18.394	1.2073	1.3526	6.466488450582705
174	N	28.134	1.4656	0.7767	7.184753961910869
175	G	20.955	-0.5067	-1.4439	5.299422882127625
176	E	22.057	0.4225	0.5333	7.703146715771541
177	Q	13.193	-0.0761	-0.0281	7.348548690451408
178	T	13.829	0.0866	-0.1682	4.985909776721201
179	A	13.052	-5.9024	-5.5805	2.750890537584574
180	E	15.197	1.0143	1.0977	9.78638369418164
181	V	15.349	-10.2096	-10.2854	-7.485443292935949
182	T	15.143	-0.7702	-0.7123	5.718761298192715
183	W	16.831	3.5261	4.3609	-7.544377740104975
184	H	16.633	-0.7268	-0.0316	2.94534967270872
185	G	26.652	1.6208	1.7519	6.16296649990143
186	K	42.208	-0.5052	-0.2917	14.576836318707759
187	G	65.028	0.679	1.412	6.569244167647795
188	N	45.999	-0.3896	-0.2054	9.882160618422333
189	E	43.426	1.301	2.108	10.285524554771703
190	D	49.002	-0.2033	-0.1596	10.227424487925083
191	R	41.14	-2.7023	-1.7516	7.474369184763753
192	R	27.515	-1.8092	-1.6627	7.1122351546986655
193	G	21.602	-0.1809	-0.6741	6.941035979579379
194	Q	26.787	-0.4563	-0.4716	9.088015004649701
195	T	14.759	-0.5209	-0.5417	4.689509343890006
196	V	12.124	-3.8186	-3.8331	-11.10306632896175
197	N	16.765	2.8236	3.1199	6.400983701063332
198	A	15.794	-0.4688	-0.1068	2.1429059157023738
199	G	14.02	2.0861	2.1495	5.4195796483560885
200	V	13.163	-1.5668	-1.7003	-7.15759775029844
201	A	14.524	-0.488	-0.2034	2.3931754792053987
202	E	21.406	1.7685	2.4602	9.358979023921739
203	R	24.883	-1.4255	-1.6377	6.604212185470811
204	S	12.292	0.7143	0.9546	5.76422575597893
205	W	11.741	-1.2787	0.3994	-6.10623038989132
206	L	14.076	-1.4856	-1.679	-12.927796863227837
207	Y	13.122	1.9827	2.9337	-3.221693797510852
208	L	10.73	-2.152	-2.7755	-18.16271967727861
209	K	13.728	2.298	2.3216	11.370904081926614
210	G	12.705	0.8086	0.6273	4.3525153340843215
211	S	12.373	2.1475	2.4192	6.238013686744029
212	Y	12.482	0.9702	-2.5682	-6.084891005359216
213	M	13.659	0.8908	1.0362	-10.923964206587554
214	R	18.411	0.695	-1.2317	6.238056314306194
215	C	13.702	-6.3581	-6.4108	-3.7451228621786483
216	D	17.811	-0.8865	-2.1488	7.05896687980423
217	R	18.671	-4.9779	-5.1734	5.302036931979848
218	K	24.14	0.3199	0.2631	9.0235769168635
219	M	15.312	-2.3174	-2.4311	-7.527946835293781
220	E	13.177	3.6592	3.5511	8.06433609445862
221	V	12.23	-8.935	-9.1202	-8.057462780904212
222	A	11.664	-6.6168	-6.8868	1.7077243355618186
223	F	12.352	-8.2737	-8.6516	-18.544803294496408
224	M	13.374	-8.1007	-8.8956	-10.595743777088932
225	V	12.757	-12.7043	-12.4341	-7.006587900134946
226	C	13.233	-6.1132	-7.0519	-5.591815406226105
227	A	12.934	-1.1444	-2.0586	2.9320671287302837
228	I	13.895	-8.8222	-8.7682	-15.040398687737348
229	N	16.797	2.2284	3.269	7.385158009803011
230	P	22.54	1.9925	1.7464	5.637461935603728
231	S	25.205	0.9329	0.9475	7.862093474950215
232	I	24.496	-2.8864	-2.2169	-13.308930440115354
233	D	31.64	2.6505	2.543	9.348711836757886
234	L	35.678	-0.484	-0.3443	-13.077766227260614
235	H	51.2	0.6057	0.603	2.224441988081325
236	T	27.774	-0.0199	-0.0601	4.1533341138497475
237	D	26.279	1.9153	1.2395	9.52326914734189
238	S	16.92	0.8306	0.7662	10.333411350679949
239	L	20.663	-2.5554	-1.804	-13.858848436419544
240	E	17.071	3.0783	4.3158	7.974164310419072
241	L	15.661	-7.6679	-7.3289	-19.349006994945835
242	L	17.524	-2.1818	-2.6842	-15.781705806254937
243	Q	20.463	2.0816	2.1744	6.289767228134607
244	L	15.465	-8.0151	-7.3366	-17.20815605719384
245	Q	14.874	0.2923	0.3749	6.778266263055086
246	Q	17.098	-0.3645	-0.7339	6.817612041787901
247	K	15.25	0.2675	0.4239	10.19807308742441
248	L	12.796	-12.6202	-12.7048	-11.95943678086769
249	L	13.465	-8.2644	-8.5043	-10.138468486963049
250	W	14.616	-3.6583	-3.9855	-6.236476239089011
251	L	15.699	-9.768	-9.7477	-15.316538141099619
252	L	13.732	-10.2219	-9.9438	-17.733337219734636
253	Y	17.332	-0.7747	-1.1727	-3.9274659724642813
254	D	19.881	-0.223	-0.1267	7.70958040789925
255	L	18.797	-4.5447	-4.5028	-11.467174746196944
256	G	14.455	0.044	0.2833	3.8838394690350184
257	H	17.172	-1.0656	-1.0619	1.8922571688080527
258	L	13.57	-5.6492	-5.6666	-12.632559911212555
259	E	19.701	1.7037	1.76	8.211486750467358
260	R	26.519	-1.5304	-1.9232	6.653669870988492
261	Y	11.697	-1.21	-0.5838	-3.3237626794348936
262	P	12.229	4.8409	3.8976	3.1963347141181178
263	M	11.688	0.1665	0.7017	-8.760915190104003
264	A	11.482	-5.2553	-5.6801	2.2525968534088237
265	L	13.286	-6.1244	-6.036	-15.611302829146457
266	G	12.37	0.6782	0.7972	5.8871531268876325
267	N	12.335	1.6234	1.5326	8.780339135069736
268	L	14.364	-4.5543	-4.5873	-11.439730806340059
269	A	14.076	0.0544	0.2472	3.771424676715373
270	D	15.808	3.9423	4.1437	10.50606938484256
271	L	16.574	-1.7312	-2.3299	-12.366858790786432
272	E	18.378	3.5247	3.7711	8.523420957060711
273	E	22.288	2.9116	2.8689	9.358196967013244
274	L	26.698	1.1594	0.8426	-17.117988529617115
275	E	34.381	1.3282	1.3125	7.2585527363454805
276	P	22.914	1.1001	1.0517	5.405186829500867
277	T	21.611	0.1173	0.0367	4.040658968482938
278	P	27.067	-0.2665	-0.2655	5.87113103969822
279	G	26.105	0.257	0.2403	5.0557068985449645
280	R	19.706	-1.4735	-1.4075	6.016816207736108
281	P	20.117	1.6188	1.57	5.597340178303392
282	D	28.983	1.3284	1.5201	6.987851596677501
283	P	15.929	2.5615	2.5142	6.8698064588778305
284	L	20.499	-1.5655	-1.4925	-14.6695182935147
285	T	17.776	1.499	1.5458	3.515290448978512
286	L	15.277	-3.2471	-3.4002	-15.257764841603699
287	Y	12.996	-3.6623	-3.9219	-8.005604456608891
288	H	18.655	-0.2136	-0.2045	1.9887278330230689
289	K	23.354	2.2933	2.063	12.911256660926531
290	G	12.918	-0.3735	-0.3973	6.005634550598284
291	I	13.5	-3.4601	-3.716	-14.333809391953476
292	A	14.336	-0.0886	-0.0233	1.7873286261646602
293	S	13.833	2.8426	2.7587	7.981610490472887
294	A	12.968	-0.5113	-0.9643	2.4726694556104216
295	K	15.801	2.1659	1.9793	10.560094889210344
296	T	15.55	0.8336	0.8222	3.881295419137132
297	Y	15.248	3.6476	3.5956	-4.449573257251359
298	Y	12.398	3.8189	3.2287	-3.6222479398011753
299	R	21.56	-1.1781	-1.2676	5.318898431971559
300	D	14.209	-0.0306	0.4848	10.540538826843132
301	E	18.532	2.0126	2.0271	10.78974500424221
302	H	11.22	1.7277	0.9441	1.9674056280654393
303	I	14.11	-5.7882	-6.2739	-14.88325269214458
304	Y	13.062	0.2024	-0.2049	-3.802111360448754
305	P	13.144	1.7664	2.2305	3.46308400742275
306	Y	12.718	-0.6977	-3.654	-3.7711199361996193
307	M	15.652	-2.5869	-3.5686	-9.594218407979593
308	Y	13.669	0.0891	-0.3367	-5.961729479018686
309	L	12.135	-2.7268	-3.0386	-22.850153287705517
310	A	13.026	-2.7399	-3.2291	3.5486802903766432
311	G	13.675	0.0759	-0.2214	6.478951178382168
312	Y	21.303	-1.1929	-0.4749	-4.687473105623068
313	H	15.836	-0.9735	-1.09	2.5153942043477735
314	C	19.328	-3.9746	-4.7647	-5.747608667325566
315	R	19.589	-1.1001	-1.0284	4.245265217450651
316	N	26.233	0.309	0.3256	8.858219585977885
317	R	38.565	-2.5403	-2.8586	5.985129213824046
318	N	28.496	0.2786	0.1308	8.401243909076296
319	V	21.223	-4.4336	-5.101	-9.796121539990628
320	R	24.618	-0.1563	-0.4786	7.037747765975214
321	E	26.316	0.9035	0.8913	9.358179753613705
322	A	12.484	-2.9261	-3.0316	1.7003552025849116
323	L	13.48	-6.6748	-6.9131	-23.8866574919502
324	Q	21.608	1.3348	0.9176	6.369087420691502
325	A	12.196	-1.0244	-1.6471	2.45452798108698
326	W	13.708	-5.3063	-5.6386	-5.5373181870775285
327	A	12.134	-2.7829	-2.6988	2.1870635473561904
328	D	15.566	0.4259	1.2908	10.382201787044707
329	T	12.847	-0.1856	-0.2005	3.9751637750247313
330	A	12.594	-4.0113	-3.9869	2.8579596443656365
331	T	14.104	-0.2841	-0.3503	4.711096107883972
332	V	13.377	-3.3649	-3.189	-6.747455692963788
333	I	11.71	-7.2179	-7.2789	-15.038531491113597
334	Q	17.452	0.1537	0.0465	9.489173016294828
335	D	19.514	-0.6866	-0.4835	8.429812360536936
336	Y	12.531	-2.6151	-2.7012	-4.935392485279647
337	N	20.312	1.7779	1.7454	7.740513395332193
338	Y	18.198	-1.7605	-2.0286	-6.64373105505882
339	C	17.692	-1.8764	-1.6916	-5.329121047046101
340	R	30.544	-2.1983	-1.7389	8.965423614788625
341	E	26.499	3.707	4.3423	15.673077870602164
342	D	14.401	5.9069	5.7218	5.762132721446171
343	E	27.26	0.508	0.4953	10.99653469709076
344	E	19.246	5.254	5.6926	7.1183926943886515
345	I	13.295	-5.0313	-5.1045	-15.086464499818344
346	Y	14.362	0.4665	1.3225	-4.064053862487095
347	K	27.094	-2.6585	-2.9232	14.122618630477758
348	E	21.501	2.9274	3.5948	7.9810354369529275
349	F	13.977	-6.3106	-7.2882	-18.166618442212126
350	F	13.505	-1.4465	-1.8926	-20.857896092973103
351	E	30.344	3.084	2.8474	9.926132621366282
352	V	12.794	-4.8839	-4.9796	-8.63783792541036
353	A	11.784	-3.9163	-3.6863	2.751087142512197
354	N	14.466	0.8604	0.6676	8.688505315452284
355	D	23.477	1.3038	1.3256	10.15796311800688
356	V	14.936	-2.8317	-3.2537	-9.133230856485888
357	I	12.93	-7.0982	-7.0709	-14.019420600996119
358	P	14.559	4.0251	4.1082	5.51382019193754
359	N	24.154	0.0141	-0.1767	8.15466635460842
360	L	17.155	-3.5241	-4.5348	-16.93785760829446
361	L	14.324	-4.853	-5.0479	-22.984897480703694
362	K	25.31	0.7234	1.0687	13.570454511183016
363	E	21.871	-0.9953	-1.3929	9.025974093852088
364	A	15.45	-5.3831	-6.204	3.161937382599047
365	A	16.156	-2.4497	-3.3888	2.8672495474118382
366	S	17.407	0.2339	0.2368	8.80879158336833
367	L	17.235	-3.4078	-4.0304	0.0
368	L	19.348	-2.7799	-3.766	0.0
369	E	35.816	1.2844	1.0725	0.0
370	A	26.772	-1.4992	-2.3497	3.1166527056851634
371	G	31.727	0.3462	-0.7067	6.319936419625647
372	S	26.865	-0.1292	0.008	7.990396466856031
373	Q	51.381	0.2477	n/a	10.14971848716495
374	G	32.532	-0.617	0.008	5.399134833883947
375	S	24.937	0.2048	-0.3618	9.861591430739807
376	A	21.796	-0.8951	-1.5315	3.610609991586946
377	L	18.481	-7.1043	-8.3146	-21.969880703943666
378	Q	21.993	-0.1832	-1.0264	9.637201038931092
379	D	19.207	-0.2425	-0.7617	9.289320379359292
380	P	18.504	0.9079	0.1232	5.508107389173873
381	E	38.283	0.7442	0.6741	8.480875041266078
382	C	16.495	-5.3281	-6.2633	-6.6594256418648
383	F	12.364	-7.7092	-8.7066	-28.824798639419942
384	A	13.242	-3.8269	-3.102	2.393758140458646
385	H	15.15	-0.7879	-0.7141	2.9534383049051125
386	L	11.511	-6.3732	-6.3261	-26.107206311105028
387	L	12.805	-5.4843	-6.1344	-12.994347158741268
388	R	15.326	0.1525	0.1114	8.296373332914921
389	F	12.115	-4.0724	-4.1699	-17.261383983691733
390	Y	11.6	-1.7152	-2.05	-5.390341487843312
391	D	11.171	2.5921	2.4063	6.988201875035549
392	G	11.465	0.0444	-0.9569	5.913089278128465
393	I	12.372	-7.3164	-7.5102	-16.289730741905835
394	C	12.342	-2.8351	-2.8983	-3.6997768223109713
395	K	18.724	-2.7553	-2.5739	11.639938654690013
396	W	12.995	-4.4141	-4.0051	-4.704968777028291
397	E	16.042	1.0491	1.2871	7.094169979998457
398	E	16.422	-1.0315	-0.628	8.19587550894185
399	G	25.295	-0.601	-0.4947	6.642961699196444
400	S	20.607	-0.3101	-0.132	7.522274820670837
401	P	26.837	0.1536	0.1465	6.899628595218211
402	T	40.931	0.5991	0.8472	5.317963877780417
403	P	29.454	1.1693	1.2286	5.5330154501107245
404	V	16.134	-5.2448	-4.8277	-9.90992303166757
405	L	18.219	-4.8636	-5.111	-16.2813185363879
406	H	18.356	-0.9734	-0.6579	1.7898163763817425
407	V	21.289	-3.3569	-3.1042	-13.413177596853146
408	G	23.822	0.1259	0.2658	9.204918256554361
409	W	14.405	-4.5374	-4.5516	-6.95769318748147
410	A	17.678	-4.7641	-2.9414	2.962561246291491
411	T	22.974	-0.338	-0.3302	6.247536696883176
412	F	15.106	-2.7359	-2.3735	-25.77198461477718
413	L	12.871	-7.8501	-6.2671	-22.350518629610153
414	V	14.66	-5.4389	-4.7635	-10.436241502416697
415	Q	18.816	0.5554	0.9273	8.773188437851402
416	S	13.01	2.5311	2.7909	10.6849462515226
417	L	14.501	-6.1613	-5.4779	-25.145532346571695
418	G	18.715	0.3619	0.11	5.524678351377684
419	R	19.48	0.0422	-0.1973	7.570077255107734
420	F	15.738	-3.9961	-4.6286	-11.955846008175286
421	E	24.271	0.3337	-0.5414	10.495997235955944
422	G	17.415	0.07	0.0728	5.600601209760115
423	Q	28.866	1.1474	0.3828	7.423694414661297
424	V	14.683	-4.3887	-4.678	-9.15286093378702
425	R	16.768	1.4991	-0.3854	4.167363795739986
426	Q	18.799	-0.7765	-0.4646	8.123390604145817
427	K	20.619	1.5036	0.3342	12.285160537283014
428	V	21.214	-7.5711	-7.6216	-10.34883960022738
429	R	23.958	0.8354	0.3153	5.733409166698325
430	I	28.267	-5.9035	-5.4599	-16.067646561606125
431	V	34.466	-3.0096	-0.6982	-7.495450589067332
432	S	46.82	1.0268	1.1654	7.270902542744903
433	V	n/a	n/a	n/a	-7.211549085769261
434	P	n/a	n/a	n/a	6.243668550970046
435	A	n/a	n/a	n/a	2.2284083223050977
436	P	n/a	n/a	n/a	5.751226949326146
437	A	n/a	n/a	n/a	2.7155296316695967
438	A	n/a	n/a	n/a	2.5723719604398676
439	S	n/a	n/a	n/a	7.179812714414095
440	P	n/a	n/a	n/a	7.092055497241697
441	P	n/a	n/a	n/a	7.085311274679282
442	P	n/a	n/a	n/a	7.4174904552446606
443	E	n/a	n/a	n/a	9.507418919655912
444	G	n/a	n/a	n/a	4.805048003147596
445	P	43.141	1.8218	n/a	7.011527933297753
446	V	38.761	-4.705	n/a	-8.10354045711579
447	L	26.799	-5.8246	-5.7763	-17.968945980940397
448	T	21.906	0.2193	0.5925	4.937207515668074
449	F	14.277	0.5844	0.4801	-19.025939026637197
450	Q	23.186	1.1387	1.1138	8.898017372947164
451	S	12.087	-0.1103	0.0574	9.308233214142188
452	E	14.654	-2.1549	-1.9161	10.819559938211905
453	K	12.554	0.49	0.3418	15.03883733559896
454	M	12.418	-2.7055	-2.1803	-11.454395672488317
455	K	14.234	1.5765	2.0546	14.356502735863662
456	G	16.718	0.5044	0.0209	7.9002034272038815
457	M	14.656	-2.9615	-3.2202	-11.189285920353493
458	K	37.434	1.7187	2.157	13.730165983958088
459	E	34.051	-1.0458	-1.5599	10.757019623733342
460	L	22.061	-4.6959	-4.6207	-17.436156386641414
461	L	20.609	-6.6302	-6.6272	-18.294895034244195
462	V	43.571	-3.5504	-3.4156	-7.901800633425458
463	A	43.124	-1.6909	-1.4876	2.41243946975656
464	T	42.836	-0.0719	-0.4419	4.69153181121017
465	K	45.764	2.718	2.8507	0.0
466	I	31.403	-6.3703	-4.9471	0.0
467	N	20.644	1.2715	1.539	0.0
468	S	24.372	-0.2439	-0.7032	0.0
469	S	19.308	-0.0787	0.2533	0.0
470	A	16.636	-1.5222	-1.4772	0.0
471	I	21.218	-8.6661	-6.454	0.0
472	K	34.897	3.8103	3.6691	0.0
473	L	16.914	-3.22	-2.4804	0.0
474	Q	14.136	2.8108	3.1917	0.0
475	L	17.2	-7.5297	-7.0014	0.0
476	T	20.593	0.3844	0.4719	0.0
477	A	34.466	-0.4759	0.2889	0.0
478	Q	45.874	1.0311	1.5438	0.0
479	S	37.367	-0.1522	-0.4263	0.0
480	Q	30.013	0.6398	1.1562	0.0
481	V	30.037	0.051	-0.2118	0.0
482	Q	39.056	2.2337	2.0625	0.0
483	M	48.44	0.9777	0.6313	0.0
484	K	36.652	2.783	2.293	0.0
485	K	38.11	1.572	0.861	0.0
486	Q	n/a	n/a	n/a	0.0
487	K	n/a	n/a	n/a	0.0
488	V	n/a	n/a	n/a	0.0
489	S	n/a	n/a	n/a	0.0
