AlnIndex	Residue	B_Factor	ExpFrust	AFFrust	EvolFrust	RMSF
1	S	n/a	n/a	n/a	0.0	n/a
2	G	20.663	-0.419	0.4166	0.0	n/a
3	P	20.347	2.4264	2.3383	0.0	n/a
4	V	15.606	-1.7441	-2.442	0.0	n/a
5	P	14.519	1.1637	1.0659	0.0	n/a
6	S	10.343	0.8307	1.0103	0.0	n/a
7	R	23.204	-0.4523	-1.1437	0.0	n/a
8	A	10.92	0.0846	0.4026	0.0	n/a
9	R	28.466	-1.5201	-2.205	0.0	n/a
10	V	10.14	-1.8924	-2.0085	0.0	n/a
11	Y	9.478	-3.1902	-3.3421	0.0	n/a
12	T	17.014	-0.1827	-0.2337	0.0	n/a
13	D	22.621	0.2954	0.0476	0.0	n/a
14	V	14.871	-4.2187	-4.2831	0.0	n/a
15	N	17.163	1.8285	2.2593	0.0	n/a
16	T	29.023	-0.4187	-0.0461	0.0	n/a
17	H	34.586	0.057	0.1562	0.0	n/a
18	R	30.974	-1.0886	0.1036	0.0	n/a
19	P	27.744	2.7956	2.9888	0.0	n/a
20	S	24.867	0.5895	n/a	0.0	n/a
21	E	35.326	0.992	1.7174	0.0	n/a
22	Y	16.523	1.5793	2.0337	0.0	n/a
23	W	19.567	3.0138	3.6803	0.0	n/a
24	D	24.649	1.7886	1.8559	0.0	n/a
25	Y	23.718	1.6834	3.6843	0.0	n/a
26	E	41.471	0.26	0.5294	0.0	n/a
27	S	34.112	0.6383	1.1457	0.0	n/a
28	H	30.156	-0.2872	-0.3449	0.0	n/a
29	V	33.019	-0.5175	0.6437	0.0	n/a
30	V	36.761	-2.9709	-2.8323	0.0	n/a
31	E	55.549	1.4232	0.8525	0.0	n/a
32	W	33.967	-1.3141	0.589	0.0	n/a
33	G	26.607	-0.635	-0.8536	0.0	n/a
34	N	42.766	-0.2404	-0.3353	3.0767684020369246	n/a
35	Q	32.548	-0.4647	-0.6704	3.357658321738032	n/a
36	D	39.774	-0.0865	-0.0705	4.421780782073244	n/a
37	D	30.934	2.4948	2.1994	5.447939322250597	n/a
38	Y	22.238	-3.9852	-4.6229	-2.7190396804507575	n/a
39	Q	46.044	1.7863	0.7796	4.312240937251485	n/a
40	L	22.07	-4.9968	-6.3133	-10.098734797774412	n/a
41	V	26.094	-4.9665	-5.2668	-5.565614836865172	n/a
42	R	40.125	-0.47	-1.2436	3.4832023364254767	n/a
43	K	29.851	0.8039	0.6117	7.260228173000889	n/a
44	L	26.346	-2.5107	-2.0716	-8.971309065418453	n/a
45	G	25.675	0.6133	0.0487	3.2668921156364137	n/a
46	R	37.04	0.5467	0.338	3.7737855083589573	n/a
47	G	31.823	1.0457	1.502	2.893260271894214	n/a
48	K	46.358	1.8355	1.6378	7.333603469333531	n/a
49	Y	33.85	2.9306	1.6175	-3.37895843782674	n/a
50	S	20.978	1.4941	1.6451	4.624362541150923	n/a
51	E	35.396	-0.9613	-0.8765	4.340082467845294	n/a
52	V	19.59	-3.9493	-4.5335	-4.674053258883568	n/a
53	F	20.252	-5.0105	-5.9016	-10.380770272013335	n/a
54	E	38.956	-0.7731	-0.7138	5.139580713976592	n/a
55	A	21.144	-6.6129	-6.8218	1.262613429372574	n/a
56	I	27.524	-2.7849	-3.7058	-8.943721384749216	n/a
57	N	29.786	1.3498	1.0725	5.1498841911115845	n/a
58	I	31.809	-0.6724	-0.8693	-7.606496730356077	n/a
59	T	38.626	0.477	0.3863	2.605284978237729	n/a
60	N	49.34	0.368	0.0524	5.1783641961247	n/a
61	N	49.115	-0.4118	-0.5932	4.7003924791356555	n/a
62	E	52.158	-0.3021	-0.5395	5.282724351826777	n/a
63	K	44.061	-2.3347	-2.3077	7.608982483687824	n/a
64	V	19.839	-7.1915	-7.5939	-5.672668469404602	n/a
65	V	18.44	-7.8445	-7.9816	-4.89506602275353	n/a
66	V	16.919	-10.4354	-11.0859	-5.905558473995945	n/a
67	K	20.213	1.3244	4.3445	6.14559307056701	n/a
68	I	15.135	-5.4372	-6.3715	-9.106009278557083	n/a
69	L	20.511	-1.8145	-3.014	-10.442228253141916	n/a
70	K	30.439	2.4122	2.0125	7.182675750277619	n/a
71	P	38.22	0.2406	0.8875	4.187694577594632	n/a
72	V	44.514	-1.5575	-0.5762	-4.584580269394875	n/a
73	A	41.482	-0.2187	n/a	1.2692062307791467	n/a
74	A	37.504	-0.6342	n/a	1.5198405973359466	n/a
75	A	31.932	-1.2773	n/a	1.703995836618177	n/a
76	K	36.619	4.0475	2.4813	7.725311523000241	n/a
77	I	25.953	-4.3345	-4.6733	-7.878161012389096	n/a
78	K	37.468	4.4425	2.9075	7.586246281595023	n/a
79	R	16.282	0.2241	-1.2338	4.306831821439154	n/a
80	E	16.159	0.4586	1.3346	4.791797392455524	n/a
81	I	18.865	-5.8563	-6.0869	-8.834817764772268	n/a
82	K	20.241	1.8491	1.8533	7.335870894898359	n/a
83	I	12.758	-7.326	-7.1667	-8.696499997480451	n/a
84	L	13.924	-7.4303	-7.3742	-11.652437212002317	n/a
85	E	23.533	-1.3298	-1.4678	5.610775444750324	n/a
86	N	15.231	1.6158	1.769	5.205176402551759	n/a
87	L	13.249	-9.314	-9.8095	-10.068461968837985	n/a
88	R	21.399	-1.6959	-1.5699	3.7053862350074653	n/a
89	G	17.887	-2.4324	-2.4492	0.0	n/a
90	G	14.238	-1.0713	-1.1678	3.6235481179406324	n/a
91	P	12.814	-0.056	0.0196	3.8895067102487366	n/a
92	N	12.754	1.7994	1.7258	5.3557678300701355	n/a
93	I	13.328	-7.5896	-7.5789	-8.617502312447593	n/a
94	I	11.113	-8.1342	-8.7279	-8.654822765542145	n/a
95	T	13.99	-1.891	-2.0133	2.995693192365539	n/a
96	L	15.128	-7.9083	-7.8754	-11.03943885392116	n/a
97	A	20.726	-5.5827	-5.9015	1.8645609636306457	n/a
98	D	20.129	1.7099	1.2306	6.403031561414477	n/a
99	I	20.766	-7.8535	-8.3487	-8.989628452636872	n/a
100	V	18.996	-3.7026	-4.7159	-5.782116781567909	n/a
101	K	35.778	-0.0582	0.2051	7.838862439418814	n/a
102	D	17.436	-0.3414	-0.8177	5.494318438818589	n/a
103	P	20.489	-0.1291	0.0376	3.755445943240626	n/a
104	V	18.596	-1.0975	-0.0833	0.0	n/a
105	S	16.98	0.7048	0.3608	0.0	n/a
106	R	27.333	0.269	0.704	3.7696980380222302	n/a
107	T	19.561	0.096	-0.8283	2.9403022623954542	n/a
108	P	19.274	1.6045	2.1974	4.408139675007868	n/a
109	A	16.242	-3.2919	-5.8344	1.369605578822685	n/a
110	L	16.241	-8.2289	-8.3355	-10.688854780628688	n/a
111	V	15.251	-8.3748	-8.6147	-6.365972339244979	n/a
112	F	14.115	-9.1901	-9.1432	-10.463160774177044	n/a
113	E	23.631	-1.3874	-1.5316	5.278468781725475	n/a
114	H	25.817	-1.3423	-2.3115	1.4984980966507322	n/a
115	V	23.039	-3.3254	-4.2513	-5.646974217756272	n/a
116	N	37.692	-0.5146	-0.4417	4.573427261316773	n/a
117	N	38.884	-0.0539	-0.0785	5.006560524275804	n/a
118	T	29.834	-1.4517	-1.4991	3.0565295285269762	n/a
119	D	36.358	0.1091	0.9964	6.474651016467844	n/a
120	F	32.934	-1.1194	-0.5384	-10.322545231886316	n/a
121	K	42.892	0.4606	-0.2698	7.177787981336595	n/a
122	Q	35.818	0.2687	1.222	4.04838743135291	n/a
123	L	22.126	-3.8993	-2.7058	-10.750430735120457	n/a
124	Y	23.022	2.7581	2.8995	-3.551228847123603	n/a
125	Q	19.938	-0.627	-1.4535	4.026853679461714	n/a
126	T	22.249	-0.3247	0.1429	2.7137587203591655	n/a
127	L	20.895	-4.3782	-4.1385	-10.330049899823257	n/a
128	T	15.013	-0.7175	-0.9994	2.7661246516758253	n/a
129	D	13.935	1.7032	0.8576	5.679932129788564	n/a
130	Y	12.101	-1.7696	-1.9814	-3.029184544805706	n/a
131	D	17.422	1.7055	2.4663	5.795496545252047	n/a
132	I	11.101	-6.5448	-7.3229	-10.183527723078035	n/a
133	R	9.67	0.6634	0.0156	4.010237769955594	n/a
134	F	12.872	-2.6613	-3.3072	-9.652657943143367	n/a
135	Y	12.283	-3.4348	-3.1117	-3.661839675664288	n/a
136	M	10.102	-3.9954	-5.3434	-7.496899309695113	n/a
137	Y	11.975	-2.2725	-4.1181	-3.4598745278097964	n/a
138	E	12.409	-1.3906	-1.1011	6.042197964784392	n/a
139	I	9.318	-8.1861	-9.7416	-9.79081490537224	n/a
140	L	9.338	-8.0429	-8.5766	-10.855913108741118	n/a
141	K	12.712	-0.1431	-0.5352	6.915981499906246	n/a
142	A	9.392	-3.5184	-3.7837	1.585708116377502	n/a
143	L	8.004	-6.714	-7.7061	-10.71946800708369	n/a
144	D	10.45	-0.3166	-0.1357	5.293280231806409	n/a
145	Y	11.144	-3.938	-3.8028	-3.64525260489112	n/a
146	C	9.21	-8.7964	-9.2253	-3.8750226940331136	n/a
147	H	6.885	-1.7691	-1.8048	1.3011624709261373	n/a
148	S	9.75	-1.0265	-1.0923	4.249612072503564	n/a
149	M	10.74	-4.959	-4.7924	-5.300627325769184	n/a
150	G	9.038	-0.1844	0.0203	3.6817829234639583	n/a
151	I	10.221	-7.0857	-7.1602	-8.584496878342778	n/a
152	M	10.718	-6.4756	-6.1693	-5.4354406317913915	n/a
153	H	9.068	-2.1209	-2.337	1.5417339996699029	n/a
154	R	10.518	-0.4225	-0.4564	3.868231820756376	n/a
155	D	13.706	0.3894	0.7902	4.588330098591302	n/a
156	V	11.206	-6.7133	-6.5091	-5.755905171918213	n/a
157	K	14.802	3.0502	2.5532	6.594954383230575	n/a
158	P	14.223	0.4288	0.8801	4.273734008696776	n/a
159	H	21.062	-0.648	-0.5593	1.499961163372183	n/a
160	N	13.245	0.3483	0.3152	3.890265305314068	n/a
161	V	13.73	-5.9443	-5.6337	-6.320967591741871	n/a
162	M	18.562	-2.607	-2.8555	-5.919991351792329	n/a
163	I	16.124	-5.1825	-4.6852	-8.522666575340137	n/a
164	D	22.786	1.755	-0.5811	5.377645463453925	n/a
165	H	23.526	-2.0556	-1.5998	1.057598172603596	n/a
166	E	43.164	0.0798	-0.375	3.7082388262292865	n/a
167	H	27.677	-0.9188	-0.4062	0.0	n/a
168	R	37.684	-1.2634	-2.0093	3.614571705102686	n/a
169	K	32.443	-0.5497	-0.5363	6.814047681735821	n/a
170	L	13.12	-3.4055	-3.7761	-11.651123204038077	n/a
171	R	15.716	-1.2678	-2.2761	4.001544670811643	n/a
172	L	11.046	-8.043	-9.366	-10.761209423161027	n/a
173	I	12.005	-6.4274	-6.7853	-9.44138015539901	n/a
174	D	18.988	0.8623	0.929	4.614713479285791	n/a
175	W	11.841	-6.3651	-6.4489	-4.969796693816031	n/a
176	G	14.635	1.0445	0.2688	3.2019801660234717	n/a
177	L	16.911	-1.2292	-2.0703	-10.88106050773824	n/a
178	A	11.042	-5.4443	-5.6334	1.3381628329538409	n/a
179	E	15.25	0.6094	1.5689	5.683046148889879	n/a
180	F	11.95	-4.3848	-4.0457	-10.11220866885949	n/a
181	Y	9.787	-3.2039	-2.9318	-2.8370551368667343	n/a
182	H	12.838	-0.185	-0.3554	1.1898828435590938	n/a
183	P	13.211	1.2572	1.5252	3.623540888741493	n/a
184	G	13.488	0.2959	0.088	3.5159328095674387	n/a
185	Q	20.923	0.3581	0.5171	4.013514529535673	n/a
186	E	24.466	2.1317	1.8185	5.1398212749625385	n/a
187	Y	11.805	-0.6054	-1.0122	-3.403511383378241	n/a
188	N	17.288	1.6656	1.645	4.941694462381903	n/a
189	V	14.623	-2.094	-2.2245	-4.792838511574377	n/a
190	R	42.467	0.5547	-0.3387	4.355017188291293	n/a
191	V	15.86	-3.8841	-3.9784	-5.362139525827041	n/a
192	A	19.628	-1.9632	-2.0011	1.6921783077532502	n/a
193	S	19.603	1.1384	1.1097	4.575768262585155	n/a
194	R	21.923	-0.5481	-0.7324	4.292587189473136	n/a
195	Y	17.046	2.2583	2.6726	-3.7845953439680455	n/a
196	F	12.578	-3.3912	-4.3653	-9.735324864778454	n/a
197	K	12.333	3.6476	3.2337	8.271062036057401	n/a
198	G	10.915	-0.6402	-0.2106	3.7841998805171158	n/a
199	P	10.706	1.104	1.0143	3.191458337627697	n/a
200	E	10.82	3.6137	3.2441	4.829796577136508	n/a
201	L	10.399	-3.7713	-3.7764	-10.966624225293344	n/a
202	L	11.681	-1.2956	-1.7458	-11.177899506555534	n/a
203	V	12.484	-7.6671	-7.6372	-5.083801749807148	n/a
204	D	24.793	3.3064	3.1862	5.452629721278155	n/a
205	Y	11.41	-2.5929	-4.2878	-2.1865125409502215	n/a
206	Q	15.217	2.2847	2.2509	0.0	n/a
207	M	11.421	-0.4686	-0.6491	-5.3039225118368805	n/a
208	Y	8.939	-0.9166	-0.8779	-3.659949429030851	n/a
209	D	8.921	1.2338	1.3854	5.740911258943757	n/a
210	Y	7.321	-3.8135	-3.6504	-3.353648564519409	n/a
211	S	7.322	0.8539	0.8203	4.523619353153256	n/a
212	L	10.21	-4.941	-4.8337	-10.690416002275434	n/a
213	D	8.657	4.9153	4.6836	4.883915860491302	n/a
214	M	8.898	-6.4503	-6.7782	-5.941208503272336	n/a
215	W	8.001	-1.4668	-1.2231	-5.9648640747588235	n/a
216	S	8.652	0.825	0.3524	4.795996884767096	n/a
217	L	9.338	-8.3265	-10.3967	-12.606058864295296	n/a
218	G	8.422	-1.4892	-1.2513	3.374923609715444	n/a
219	C	8.53	-8.6793	-7.7674	-3.8297938178261934	n/a
220	M	12.18	-3.4176	-3.0535	-6.973320140328508	n/a
221	L	11.029	-9.5572	-10.8914	-11.100961030262733	n/a
222	A	8.984	-4.8392	-4.6936	1.5211511997097802	n/a
223	S	11.777	-0.4475	-0.3642	5.356220150021021	n/a
224	M	14.986	-1.6674	-1.5967	-6.618718500970317	n/a
225	I	12.17	-8.3532	-11.0699	-8.082839269604799	n/a
226	F	9.902	-4.0427	-3.8936	-9.744279578377162	n/a
227	R	19.438	-0.2908	-0.7003	3.895559688240071	n/a
228	K	22.551	0.7531	0.6146	0.0	n/a
229	E	37.524	-1.1423	-2.5502	5.167370765096765	n/a
230	P	18.32	0.5048	0.8606	4.369003641412985	n/a
231	F	12.438	-3.537	-4.768	-9.994292193506716	n/a
232	F	11.259	-2.6899	-2.7341	-10.022236922984144	n/a
233	H	23.677	-0.2469	-0.5146	1.2028919594457588	n/a
234	G	17.137	0.0778	0.0311	3.748748576094194	n/a
235	H	29.807	-0.3044	-0.3033	1.0278142817016942	n/a
236	D	21.105	0.5522	0.3938	4.725744670302136	n/a
237	N	22.106	0.133	0.0245	4.6524883168058775	n/a
238	Y	21.848	-0.3297	-1.0232	-3.060684843096109	n/a
239	D	14.701	-0.623	-0.8798	4.7200614526214295	n/a
240	Q	11.478	2.1464	2.1298	4.474537334488894	n/a
241	L	10.026	-4.9485	-5.2658	-8.850056992345847	n/a
242	V	11.114	-4.0881	-4.8279	-4.278944242271229	n/a
243	R	22.43	1.354	1.2876	3.378699741431415	n/a
244	I	9.654	-6.0855	-6.0514	-7.7439142558333325	n/a
245	A	9.606	-4.2121	-4.3789	1.1190198018198796	n/a
246	K	18.617	3.3954	3.4211	4.0203793638506315	n/a
247	V	10.184	-3.4347	-2.9309	0.0	n/a
248	L	10.319	-2.2403	-1.8699	0.0	n/a
249	G	10.505	0.7889	0.81	0.0	n/a
250	T	10.287	-0.2198	-0.2986	0.0	n/a
251	E	22.25	0.4923	0.3818	0.0	n/a
252	D	14.441	3.2614	3.1855	0.0	n/a
253	L	10.358	-4.4519	-5.1934	0.0	n/a
254	Y	18.772	0.6227	0.1138	0.0	n/a
255	D	17.023	2.066	1.9095	0.0	n/a
256	Y	11.125	1.9788	1.9322	0.0	n/a
257	I	12.335	-4.3598	-4.9659	0.0	n/a
258	D	13.725	1.9566	2.4858	0.0	n/a
259	K	14.798	-1.4733	-1.3184	0.0	n/a
260	Y	12.528	-4.2233	-3.9053	0.0	n/a
261	N	18.721	2.6777	2.6471	0.0	n/a
262	I	18.491	-3.3554	-4.2227	0.0	n/a
263	E	36.7	2.427	2.3866	0.0	n/a
264	L	22.373	-4.4429	-5.4016	0.0	n/a
265	D	21.574	1.3336	1.4449	0.0	n/a
266	P	20.787	0.5444	0.3716	0.0	n/a
267	R	29.377	-2.3659	-2.1763	0.0	n/a
268	F	17.831	-3.279	-4.0558	0.0	n/a
269	N	27.488	-0.6373	-0.9097	0.0	n/a
270	D	35.92	-1.2494	-1.6322	0.0	n/a
271	I	21.442	-3.6243	-4.2508	0.0	n/a
272	L	18.773	-5.4439	-6.361	0.0	n/a
273	G	16.925	0.1067	0.0692	0.0	n/a
274	R	17.18	-1.1447	-1.3775	0.0	n/a
275	H	13.273	0.8668	0.865	0.0	n/a
276	S	14.068	1.4567	0.8596	0.0	n/a
277	R	23.004	-0.1717	0.1924	0.0	n/a
278	K	12.907	4.0766	4.128	0.0	n/a
279	R	19.045	0.8414	0.8006	0.0	n/a
280	W	14.479	-3.5451	-4.4201	0.0	n/a
281	E	24.712	-1.044	-1.1838	0.0	n/a
282	R	27.982	0.8188	1.2086	0.0	n/a
283	F	15.014	-1.2109	-1.1191	0.0	n/a
284	V	12.914	-4.5104	-4.3715	0.0	n/a
285	H	11.99	-0.6946	-0.5957	0.0	n/a
286	S	17.167	0.2162	0.2075	0.0	n/a
287	E	19.239	-0.1402	-0.5756	0.0	n/a
288	N	11.79	1.8147	1.4368	0.0	n/a
289	Q	25.217	-0.4847	-0.5982	0.0	n/a
290	H	16.591	-0.4836	0.3395	0.0	n/a
291	L	14.536	-2.6332	-3.4305	0.0	n/a
292	V	15.877	-5.5016	-5.2999	0.0	n/a
293	S	13.917	0.2326	-0.1769	0.0	n/a
294	P	15.946	0.4967	0.6632	0.0	n/a
295	E	20.931	2.6709	2.297	0.0	n/a
296	A	9.888	-4.4178	-4.7081	0.0	n/a
297	L	13.47	-3.9198	-4.4932	0.0	n/a
298	D	15.949	2.0122	2.2392	0.0	n/a
299	F	10.995	-2.5776	-3.7864	0.0	n/a
300	L	10.246	-10.1298	-10.2971	0.0	n/a
301	D	13.622	-1.0374	-1.157	0.0	n/a
302	K	16.409	-1.8452	-1.8542	0.0	n/a
303	L	9.047	-7.1885	-7.2418	0.0	n/a
304	L	9.781	-6.4253	-5.8236	0.0	n/a
305	R	22.955	-1.1982	-1.3131	0.0	n/a
306	Y	9.071	-3.0568	-2.9961	0.0	n/a
307	D	11.308	0.8348	0.9259	0.0	n/a
308	H	9.551	-0.5012	-0.6238	0.0	n/a
309	Q	13.899	-0.1825	-0.1686	0.0	n/a
310	S	11.858	-0.2564	-0.3382	0.0	n/a
311	R	7.506	-1.0872	-1.4153	0.0	n/a
312	L	11.755	-3.5497	-4.1563	0.0	n/a
313	T	8.674	-1.1545	-0.9615	0.0	n/a
314	A	8.402	-2.7251	-3.0917	0.0	n/a
315	R	21.282	-2.7388	-2.9552	0.0	n/a
316	E	14.973	-0.8587	-1.8594	0.0	n/a
317	A	11.258	-3.3589	-3.1045	0.0	n/a
318	M	13.901	-1.5969	-3.5309	0.0	n/a
319	E	23.622	-0.1528	-0.2211	0.0	n/a
320	H	10.227	-1.2384	-1.8166	0.0	n/a
321	P	10.477	0.4909	0.4447	0.0	n/a
322	Y	9.463	-0.7788	-1.0124	0.0	n/a
323	F	8.837	-3.8153	-5.0127	0.0	n/a
324	Y	10.783	-0.093	-0.8562	0.0	n/a
325	T	11.17	1.3441	0.5293	0.0	n/a
326	V	11.356	-4.5829	-5.324	0.0	n/a
327	V	14.143	-1.2887	-3.5588	0.0	n/a
328	K	32.176	-0.9123	-0.241	0.0	n/a
