AlnIndex	Residue	B_Factor	ExpFrust	AFFrust	EvolFrust
1	V	n/a	n/a	n/a	0.0
2	F	n/a	n/a	n/a	0.0
3	F	n/a	n/a	n/a	0.0
4	W	n/a	n/a	n/a	0.0
5	S	n/a	n/a	n/a	0.0
6	E	n/a	n/a	n/a	1.7378734849220696
7	D	n/a	n/a	n/a	5.6658610412205475
8	K	69.346	-0.0005	n/a	8.339196769146492
9	G	42.995	-0.7437	-1.7991	4.4068454021219825
10	P	30.109	0.2772	-0.478	5.0935950315415655
11	A	24.662	-0.7678	-0.6826	2.561317735998859
12	C	21.857	-2.969	-4.2442	-2.5229554987387544
13	Y	26.173	-0.8433	-0.4483	-4.012983937932404
14	Q	27.577	0.2588	-0.5266	5.363185844328804
15	V	19.321	-2.7415	-6.427	-5.7048054766375484
16	S	19.137	-0.4835	-0.6648	5.923733943500595
17	D	23.495	-0.836	-2.326	6.980036859102525
18	E	32.754	-0.5548	-1.2344	7.052357504595917
19	Q	19.829	0.326	-0.6623	5.855546927823543
20	A	14.102	-2.2449	-7.7628	2.4216608901679137
21	R	24.084	-0.3323	-1.5445	4.830197827807919
22	T	17.754	-0.219	-0.9617	3.8908052265931796
23	F	17.747	0.1932	-4.1955	-12.358800070242248
24	V	13.877	-1.829	-8.6056	-6.896382556234393
25	K	18.763	2.2991	2.5967	8.56494114837703
26	N	15.83	0.6002	-0.6803	6.1246550661311225
27	D	18.18	0.5912	0.1149	5.626482175154155
28	Y	16.243	0.2399	0.0696	-4.737527778395492
29	L	16.894	0.262	-0.8217	-12.863273033875119
30	Q	35.57	1.4136	1.1447	4.971275407509582
31	R	39.327	-0.4707	-0.3782	4.1295923363434035
32	M	26.095	0.7129	-1.6155	-6.685824246973934
33	K	31.398	2.5233	1.5727	8.907195467960461
34	R	37.755	-0.1918	-0.4138	3.6421402750093566
35	W	28.34	3.3493	2.4195	-6.744271186380495
36	D	33.04	-0.0824	0.5294	6.309989997091197
37	N	29.276	0.7177	0.1168	5.541461076234154
38	D	26.079	1.3037	0.6561	6.283717614818574
39	V	23.693	-1.3016	-1.0885	-6.075154203084582
40	Q	42.929	0.7928	1.161	5.298172161416891
41	L	32.886	-0.2341	-0.9057	-11.164994223796965
42	L	21.581	-2.4619	-3.0524	-12.465611492803934
43	G	22.322	0.4815	0.4901	3.937942504451748
44	T	23.29	-0.9532	-1.2427	4.113886135111096
45	E	35.378	0.4882	1.101	6.0040961867491
46	I	27.705	-1.9822	-3.7213	-10.23204418857911
47	P	20.774	0.8335	1.2798	4.448957812289988
48	K	37.693	-0.5533	-0.3397	0.0
49	I	24.641	-2.5153	-4.1138	-10.749250946568527
50	T	23.833	-0.0971	0.0104	3.4446853297387237
51	W	24.521	0.2287	0.9948	-6.573453337606015
52	E	35.787	-1.5348	-1.8423	6.905608482872732
53	K	38.626	-0.049	-0.1725	8.394016516716468
54	I	26.296	-3.13	-5.4425	-9.294859170616789
55	E	38.271	-1.5486	-1.3553	7.334439168229258
56	R	24.91	-1.7524	-3.3771	4.284330603917193
57	S	32.918	1.2208	1.3269	5.921143428739775
58	L	37.629	0.5623	0.3802	-10.696896893904858
59	T	41.869	0.7207	0.679	0.0
60	D	53.816	2.6708	3.187	0.0
61	V	33.357	0.4525	0.3858	0.0
62	E	49.466	2.688	2.9265	5.821890480427268
63	D	53.745	1.4842	1.3141	6.393710976997514
64	E	47.242	0.6118	0.5911	7.193843245908522
65	K	33.976	-3.268	-4.6162	8.204861877822438
66	T	31.383	-0.051	-1.1621	3.454029385328891
67	L	18.719	-4.2372	-10.231	-12.853162680546724
68	L	21.123	-4.2544	-5.5525	-12.898689425936494
69	V	13.754	-7.2944	-10.2582	-5.900155452884232
70	P	16.334	-0.001	0.5494	5.1423845260094785
71	F	14.72	-4.2371	-4.9371	-14.234579675544794
72	K	27.801	1.3059	1.6243	8.346078191725693
73	A	18.468	-1.4402	-1.6594	2.467755349251218
74	E	35.336	-1.8512	-1.3811	6.618774488091138
75	G	23.36	-1.1337	-1.1867	3.9631220566726957
76	P	29.173	0.3763	0.4145	5.192931557534818
77	D	38.138	0.6044	0.1067	7.4721000985352335
78	G	20.333	-0.3458	-0.4089	4.586985628294076
79	K	31.15	-0.1455	0.2663	8.451764697526073
80	R	32.626	-1.1332	-0.7183	4.353889992941743
81	M	22.526	-0.8994	-0.6666	-6.601659053717113
82	Y	19.429	-0.7626	-2.0888	-4.421289879281379
83	Y	27.69	-3.379	-2.6901	-4.1906593627524344
84	G	20.02	-0.6458	-1.3868	5.447264129887996
85	M	37.785	-3.4147	-5.5699	-6.5291430629337786
86	Y	19.155	-2.5388	-8.4003	-4.347629247352535
87	H	22.135	-1.0107	-1.6407	1.5812733188281647
88	C	23.848	-2.322	-9.3445	-2.541298955360132
89	E	43.103	-0.09	1.0017	6.824763247647824
90	E	41.481	0.4108	-1.011	6.8625228875732835
91	G	26.855	-0.7898	-2.2861	4.727243947197424
92	Y	27.738	0.123	-0.8183	-3.7610288218359194
93	V	17.654	-3.9049	-6.0925	-6.651188159339002
94	E	45.348	1.4467	0.594	6.896268199958058
95	Y	23.455	1.5609	0.8527	-3.485081600793275
96	A	42.02	-0.6957	-0.864	2.116210541447362
97	N	50.531	0.6221	1.1394	0.0
98	D	n/a	n/a	n/a	0.0
