AlnIndex	Residue	B_Factor	ExpFrust	AFFrust	EvolFrust
1	G	n/a	n/a	n/a	0.0
2	P	n/a	n/a	n/a	0.0
3	E	46.094	1.1175	n/a	1.856639822846558
4	R	42.344	-2.5179	-0.9041	2.233211061855627
5	T	33.004	-1.7025	-1.7676	2.504344107596939
6	S	26.303	-0.3461	-0.4182	3.711912900503768
7	I	22.381	-12.5697	-13.0826	-8.267258329402251
8	A	20.094	-4.2292	-4.6927	1.411692141908062
9	V	19.689	-10.2216	-10.2963	-4.793812055000923
10	H	22.002	0.2378	0.2741	1.0501291383324387
11	A	20.206	-3.5881	-3.521	0.8400493078820904
12	L	22.078	-0.1793	-0.4914	-9.207264182186297
13	M	21.996	n/a	n/a	-3.8927649413388905
14	G	20.733	2.3993	1.9715	3.1943739894534606
15	L	26.453	-0.9998	-1.3152	-7.599272980955316
16	P	34.67	2.5018	2.1662	2.7223130457607807
17	T	41.983	0.7453	0.5208	1.5780838800772017
18	G	n/a	n/a	n/a	2.1655883597871877
19	Q	n/a	n/a	n/a	2.7327650578938334
20	P	n/a	n/a	n/a	2.635828912541037
21	A	n/a	n/a	n/a	1.196104302804315
22	N	n/a	n/a	n/a	3.352059028249354
23	G	n/a	n/a	n/a	1.836877454727552
24	T	n/a	n/a	n/a	2.0423975032556427
25	K	n/a	n/a	n/a	5.592702155395189
26	L	n/a	n/a	n/a	-7.623416561290493
27	D	n/a	n/a	n/a	3.277333079681141
28	S	36.31	1.6568	0.994	2.229957133419846
29	I	34.321	-1.6908	-1.4323	-6.404578460811571
30	G	28.232	0.58	0.7088	2.828595656617297
31	L	22.122	0.464	-0.6492	-8.882892892642374
32	P	21.02	0.385	0.5997	3.1290969870205667
33	K	23.769	2.6017	2.6345	4.995449155525134
34	V	20.019	-1.8754	-1.8846	-3.8767679944244144
35	D	24.786	2.1351	2.1868	4.345553076310819
36	G	22.115	-0.12	0.1219	2.006801262336586
37	M	22.44	n/a	n/a	-4.836695380583813
38	S	21.642	0.2289	0.5333	4.014265798231798
39	F	20.873	-6.3359	-6.7846	-4.613832081530207
40	T	23.696	-1.3814	-1.5252	2.3469989951615604
41	L	26.031	-12.1432	-12.5084	-10.174599041148786
42	Y	28.775	-6.2573	-6.2711	-2.9181879558015416
43	R	36.708	-0.9602	-1.0999	3.0633672618682435
44	V	32.971	-9.0029	-8.8727	-4.738937864718274
45	N	38.179	0.2913	0.5777	3.1644894058203685
46	E	43.107	0.262	0.377	1.4827855517569093
47	I	37.834	-6.0141	-5.5677	-5.617114793354415
48	D	37.556	2.3682	2.123	3.5278925566243338
49	L	36.044	-5.3572	-4.8902	-7.589675094252614
50	T	39.093	1.2884	1.349	1.8725739114869324
51	T	42.621	-0.8984	-0.9269	2.2194305668818552
52	Q	47.338	1.304	1.379	3.300859105916779
53	A	44.828	-0.4993	-0.5188	1.1403523949656549
54	G	44.125	-0.1232	-0.156	2.974001257285241
55	W	47.141	-0.3484	-0.3268	-4.21811045837359
56	D	48.866	1.0589	1.1481	3.363755924246968
57	A	47.554	-2.4409	-2.4602	1.106317031116269
58	A	47.828	-5.9465	-5.4882	1.2324023759962242
59	S	48.482	-0.1976	-0.0012	2.896717520238984
60	K	47.913	0.0226	-0.2872	5.095046199209037
61	I	47.47	-7.1671	-7.1851	-5.900228795210619
62	K	48.919	-0.2655	-0.4928	5.323643165564374
63	L	46.189	-3.9048	-3.9904	-7.696472690503074
64	E	47.829	0.3768	0.7674	3.7331884116669434
65	E	45.551	-0.3454	-0.7154	3.612754565963027
66	L	39.384	-5.7326	-5.8455	-7.6975132168231895
67	Y	36.296	0.2027	0.4167	-2.000830227235335
68	T	42.26	-0.2923	-0.4143	1.3752107272266825
69	N	45.084	0.6818	0.8394	0.0
70	G	41.375	0.0698	0.4631	0.0
71	H	42.112	0.0935	0.1445	0.0
72	P	39.434	-0.1643	-0.2353	0.0
73	T	39.009	-0.7878	-0.8829	0.9019959456558545
74	D	42.305	-0.7467	-0.7722	3.0015048742793984
75	K	40.703	-1.3438	-1.1907	4.455121795141753
76	V	35.703	-7.0867	-7.4026	-3.778851622258368
77	T	35.809	-0.2946	-0.3179	2.1993007573585506
78	K	36.632	-0.0158	-0.3312	4.866037109078709
79	V	34.4	-5.6015	-7.3327	-3.872022430830384
80	A	31.984	-4.183	-4.6198	1.2146818933123373
81	T	31.733	-0.9231	-1.1774	2.2075226334976428
82	K	31.579	-0.0765	-0.0658	6.887245144149515
83	K	29.711	-0.3297	-0.5841	6.01638222844921
84	T	23.329	-0.7839	-0.6334	1.4261094780960393
85	E	33.911	-0.6374	-0.5831	4.189779215672998
86	G	31.15	0.8348	0.9295	2.9361655272656377
87	G	29.113	0.2101	0.3262	1.3867333767512886
88	V	25.266	-3.0405	-2.5006	-4.07477887260929
89	A	23.678	-3.1669	-3.2898	1.3880722323885828
90	K	28.287	-0.9802	-0.8107	5.183152502411675
91	F	29.043	-8.8301	-10.0579	-8.4794698507912
92	D	36.199	-2.4026	-2.3631	3.5064967567081182
93	N	37.172	-0.7506	-0.6516	2.8854073185211266
94	L	33.234	-6.0411	-6.2251	-6.295872359107606
95	T	34.521	-0.6914	-1.0109	2.1464505219592436
96	P	33.386	1.2998	0.6691	3.3549145785640526
97	A	29.71	-3.6706	-3.6092	0.9032284522257956
98	L	27.321	-10.0854	-9.7949	-10.316607330427491
99	Y	27.682	-10.737	-10.6973	-1.3633403498078416
100	L	24.872	-12.8809	-13.3987	-7.547524496843164
101	V	22.367	-12.5537	-12.3911	-4.142419606353518
102	V	21.63	-7.2731	-7.3709	-4.310061810217097
103	Q	20.773	-0.0342	0.3689	2.2889754138209475
104	E	26.694	0.0037	0.0448	4.827076404292974
105	L	23.854	-1.4166	-1.0896	-6.9790766626482235
106	N	24.509	1.5634	1.7161	3.2607836591218744
107	G	22.188	-0.3123	-0.3121	2.8685875903441254
108	A	23.652	0.1529	0.2127	0.0
109	E	29.988	1.5199	1.6019	4.133512674805113
110	A	21.516	-4.0102	-3.9764	1.4100703287671015
111	V	19.521	-4.4372	-4.2023	-3.9359577848873464
112	V	18.891	-4.1801	-4.481	-3.449550009273432
113	R	23.112	-0.573	-0.1997	2.9850906283860525
114	S	25.985	-0.7041	-0.5413	3.0290128441463726
115	Q	30.964	-0.0576	0.7472	2.5539949989640958
116	P	23.75	1.0317	0.9591	2.3562744214329636
117	F	23.158	-7.2935	-7.0306	-6.593758532282412
118	L	25.389	-9.5365	-9.4259	-9.083453731386822
119	V	24.601	-14.6368	-15.2138	-3.7106901085524826
120	A	26.268	-5.6754	-4.5139	1.2207017324879201
121	A	28.412	-7.0012	-6.8627	1.2116787182819615
122	P	28.961	1.3176	1.2241	1.441176750902837
123	Q	29.001	-1.0487	-1.1746	3.312390470411425
124	T	30.514	-0.1053	-0.2982	1.802338192440067
125	N	35.11	0.581	0.5965	2.8956250245447266
126	P	35.027	0.106	0.0638	2.8272563545003537
127	T	36.539	-0.4003	-0.7878	1.7578994199420537
128	G	33.923	-0.7865	-0.9378	2.3580949849589445
129	D	36.45	0.5166	0.29	3.845138330798854
130	G	29.128	-0.643	-0.703	2.0959305392897547
131	W	26.735	1.0958	1.3579	-2.776741075579187
132	L	30.383	-1.9635	-2.0453	-8.225124298831876
133	Q	29.901	0.4199	-0.1647	3.263101312082821
134	D	30.726	-1.464	-1.1509	4.011778451028142
135	V	23.527	-8.0674	-8.8677	-3.9233558599152345
136	H	24.075	-2.2358	-2.0644	1.293291689554783
137	V	18.31	-9.9323	-9.6722	-3.678291954832814
138	Y	21.166	-3.5026	-2.535	-1.8288879665759803
139	P	18.73	0.7487	1.5216	1.4816814989743474
140	K	22.338	3.9901	3.9375	2.6093023565181643
141	H	18.168	0.0828	0.0217	0.7620941163960006
142	Q	19.624	2.433	2.3031	3.3120806660860556
143	A	19.568	-1.5492	-1.5246	0.6395355254481896
144	L	21.523	-5.1218	-4.946	-6.0441910598826425
145	S	20.08	0.1642	0.1553	1.1656654959528001
146	E	20.364	0.0893	0.0042	2.6374004870827945
147	P	16.82	2.2422	2.1832	3.569398576652786
148	V	16.379	-2.0529	-2.1431	-2.9583200714047577
149	K	14.448	4.2903	4.1849	3.5425809111975948
150	T	14.729	-0.7305	-1.0245	1.7622890646073182
151	A	16.428	-3.4607	-3.5072	0.941546303506261
152	V	19.309	-1.99	-2.1783	-3.3035931145639577
153	D	18.939	2.7858	2.7197	3.574534557653925
154	P	20.589	1.4269	1.1772	2.6177059678157093
155	D	26.139	2.004	1.9598	0.0
156	A	25.136	1.9982	1.8972	0.0
157	T	25.847	1.1828	1.1436	0.0
158	Q	18.884	0.8012	0.9833	0.0
159	P	18.393	2.7317	2.7744	0.848229091904829
160	G	17.058	-0.2686	0.1199	2.353115076926387
161	F	14.667	-0.886	-0.8374	-5.838910995419442
162	S	15.13	0.9066	0.9353	3.1961706481262664
163	V	16.177	-3.5087	-3.4616	-3.8204609630742747
164	G	19.69	-0.2825	-0.2524	2.2580931650180256
165	E	23.343	2.8001	2.8577	4.3209317893176475
166	N	19.797	1.5756	1.6013	3.27929399136724
167	V	17.306	-4.7968	-4.982	-3.606374996251828
168	K	19.103	-1.5634	-1.8639	4.363944721290947
169	Y	17.383	-5.9874	-5.9213	-2.659084062916475
170	R	19.177	-0.9747	-1.0793	2.4770448627976918
171	V	15.424	-8.4906	-8.9195	-3.6880252101900624
172	A	15.804	-3.0872	-3.4623	1.1107935796970458
173	T	17.593	-2.4076	-2.0135	2.3550531663219147
174	K	22.269	-1.2378	-1.4441	4.332531508242471
175	I	19.386	-6.3929	-6.276	-5.555508568273377
176	P	19.963	2.4352	2.4387	2.1363038124812217
177	E	23.417	0.6643	0.3945	3.2458231524437546
178	I	20.05	-4.9235	-4.9671	-2.7084976787367445
179	A	24.336	-0.4384	-1.4658	0.0
180	S	29.617	0.0224	0.0588	1.3301780461986374
181	N	34.273	0.244	-0.515	2.128184731391026
182	T	29.61	-0.0416	-0.0209	1.7081628108551883
183	K	29.341	-0.8797	-0.9323	3.990983517379307
184	F	23.406	-5.9313	-5.9931	-7.581739327573646
185	E	30.464	0.2123	0.4656	3.7552686741325343
186	G	22.892	-0.569	-0.4687	2.3973582606179207
187	F	20.401	-9.3292	-9.2304	-9.002248226308845
188	T	19.019	-0.6166	-0.6726	2.007851240310856
189	V	18.391	-11.4921	-11.7677	-4.710869706313708
190	A	17.762	-4.0231	-3.9181	1.0293351327203422
191	D	17.37	1.4147	0.7596	2.691484442356939
192	K	23.491	1.5246	1.6057	5.196181898058919
193	L	19.588	-3.1826	-3.4644	-7.88908798787593
194	P	18.069	3.6729	3.7131	3.0629476198318906
195	A	18.85	0.7474	0.5652	1.2827295579940448
196	E	20.501	2.446	2.4983	5.588691125560289
197	L	17.688	-2.2766	-2.1415	-6.35277547593802
198	G	20.5	0.3079	0.6086	2.516422798572361
199	K	27.8	-0.5862	-0.5196	5.35888398585913
200	P	23.291	2.8366	2.8779	2.876165196980992
201	D	27.251	-0.5554	-0.5087	3.6836119792615136
202	T	28.316	-1.7777	-1.8257	0.0
203	N	25.078	-0.4673	-0.1843	1.563959558231569
204	K	26.414	-1.0075	-1.4861	2.879157168575447
205	I	20.964	-5.8195	-5.4115	-5.331446340753557
206	T	20.44	-2.4704	-2.0779	1.9748492723702886
207	V	19.933	-10.8995	-10.9919	-3.610853229334189
208	T	21.249	-1.1515	-1.2523	1.2649553932116018
209	L	22.502	-7.7413	-7.5859	-6.938566538732462
210	G	27.33	-0.518	-0.5364	2.420239592437347
211	G	29.867	-1.4807	-1.4227	2.309884768822413
212	K	34.237	0.235	0.4166	5.088816252589691
213	P	35.477	-0.8666	-0.7656	3.0367772756893423
214	I	39.604	-5.9432	-5.3068	-6.842675301502176
215	N	45.195	0.6339	0.9794	3.7638381804112164
216	S	42.857	-1.7719	-2.0472	3.0274843800327624
217	T	38.72	-1.1768	-1.0527	2.220528337152569
218	D	34.648	3.4098	3.3547	5.238152386157791
219	V	29.176	-6.3439	-5.7381	-3.836851136000369
220	S	25.913	0.7118	0.568	2.7151883159602006
221	V	25.773	-6.3494	-6.2429	-3.6782514689353105
222	Q	30.508	-0.4362	-0.2431	3.0042919860210127
223	T	26.129	-1.4335	-1.3645	1.9018804069034654
224	Y	23.835	1.3076	1.3446	-2.345153145831869
225	Q	30.26	0.3416	0.4716	0.0
226	V	30.119	0.1908	-0.254	0.0
227	G	31.04	1.4704	1.4704	0.0
228	D	31.399	-0.1305	-0.2147	0.0
229	R	23.829	0.6542	0.9037	2.933790885769392
230	T	22.017	0.0509	0.0241	2.3010044543719617
231	V	20.473	-3.0518	-2.9099	-3.813683213975573
232	L	19.975	-7.3852	-7.1001	-7.2214544617789596
233	S	20.747	1.1091	0.9693	3.1813517311190216
234	V	20.394	-12.1673	-11.7559	-3.8258004738276283
235	Q	25.514	1.1129	0.8525	3.1354317528189313
236	L	26.188	-9.2312	-8.6218	-9.807640184115192
237	A	29.82	-1.5621	-1.4334	1.2764500528977398
238	G	33.013	0.0878	0.2467	2.554027190844755
239	A	34.196	0.3363	0.466	1.2483925404997918
240	T	32.946	-1.8851	-1.7632	2.1723046024925035
241	L	29.41	-4.2016	-3.7949	-7.781021453505422
242	Q	34.253	0.4197	0.6983	2.7518063660047334
243	S	28.153	1.6048	1.2655	3.5036164799845615
244	L	24.898	-8.3256	-8.3377	-7.381139886264164
245	D	30.054	1.6478	0.5269	3.512240737479751
246	Q	31.928	-0.5668	-0.5875	2.769322807624157
247	H	27.302	-1.1273	-1.3469	0.41294630081391626
248	K	29.232	-1.6073	-2.1301	2.2181015646114677
249	D	26.794	-0.6206	-0.8887	3.2574830045622023
250	Q	25.158	-0.8156	-0.8235	2.7213444182372624
251	E	25.416	1.4127	1.2143	3.75262050934237
252	L	19.711	-9.8829	-9.728	-8.134375729512206
253	V	17.104	-5.5675	-6.5908	-3.606172760482375
254	V	18.124	-9.8172	-10.0626	-5.024118428988315
255	E	23.758	-0.5676	-1.5059	4.037619760770021
256	F	19.155	-7.2821	-7.9042	-9.13020170621474
257	E	21.731	2.3198	2.2549	3.818278463321492
258	A	18.84	-3.785	-3.8089	1.3104541995669239
259	P	18.68	2.4067	2.7083	2.7099583936182
260	V	16.281	-5.2935	-5.2414	-3.69892011892508
261	T	19.547	-0.0033	0.0702	1.8353984128939493
262	K	23.821	-1.2991	-1.2183	4.36404233683257
263	Q	19.843	1.0461	0.7086	0.0
264	P	19.013	2.4978	2.4144	1.8375104905609605
265	E	27.891	0.7668	0.6323	2.6676207994522
266	N	19.589	0.6681	0.5731	2.8814608998920304
267	G	17.468	0.1167	0.2347	1.9579579365820934
268	Q	16.862	1.3136	1.2729	2.575084439631777
269	L	15.259	-2.7599	-2.8859	-7.126358221703712
270	D	19.721	0.8665	0.7908	3.297162395961047
271	N	16.754	1.2605	0.9866	2.0614515213045896
272	Q	20.564	1.2713	1.1021	2.827819603172226
273	A	16.732	-4.0779	-3.7854	0.8913108032534303
274	W	20.531	-3.7659	-3.9031	-3.015083682590533
275	V	18.093	-7.0299	-7.0759	-3.964811431459494
276	L	19.68	-6.4158	-6.1652	-7.054926671999091
277	P	22.939	2.7294	2.5241	2.933086244123651
278	S	24.575	-0.1161	0.0031	3.049803230521787
279	N	26.021	0.5273	0.0903	3.410597884315633
280	P	29.346	1.4735	1.6422	2.5990667537363796
281	T	31.64	0.8907	0.3785	1.61342423198137
282	A	30.37	0.7423	0.3928	0.8563895826082324
283	Q	31.779	1.2384	1.4212	1.7955512701582967
284	W	25.821	0.0289	-0.7508	-1.5226366671577485
285	D	26.519	3.8789	3.8708	1.5618628909742736
286	P	25.616	0.9328	0.5491	0.0
287	E	35.242	0.9583	0.9688	0.0
288	E	41.829	2.9687	2.6996	0.0
289	S	45.172	1.5596	1.6138	0.0
290	G	45.093	1.0394	1.0394	0.0
291	D	44.907	0.784	0.7506	0.0
292	A	39.078	-0.1977	0.234	0.0
293	A	33.868	0.4216	0.8273	0.0
294	L	29.034	-2.6137	-2.5269	0.0
295	R	27.241	0.6823	0.5044	0.0
296	G	17.905	-0.4229	-0.2721	1.5529130737575805
297	M	18.36	n/a	n/a	-2.80788446685769
298	P	17.451	0.3634	0.1645	2.5623222505526453
299	S	16.392	0.2966	0.0249	3.7423205052123794
300	S	17.46	0.3533	0.3913	3.2751989244250725
301	R	26.614	0.4195	0.4459	2.587950237526947
302	V	15.044	-3.8306	-4.0165	-4.441217737883072
303	S	15.03	0.7036	0.6404	2.9137035008562564
304	S	15.248	0.5944	0.6404	3.5620945089324443
305	K	15.578	3.5242	3.527	5.376777790916214
306	F	15.665	-6.2397	-6.23	-8.70148955425116
307	G	16.715	-0.6659	-0.7974	2.0368709633137194
308	Q	19.23	0.5092	0.5891	3.017220280079133
309	I	17.906	-12.871	-13.2622	-6.585356551728781
310	T	19.179	-0.6309	-0.8562	1.7599396274507686
311	I	20.151	-10.6293	-10.5104	-6.577793211096844
312	E	26.688	-2.6359	-2.7377	3.548483801940153
313	K	22.922	-0.6643	-0.5125	4.460345173364431
314	S	24.042	-0.6055	-0.4699	3.207136965155781
315	F	26.815	0.3162	-0.3872	-7.628799588753592
316	D	35.171	-0.4834	-0.2586	3.6891343977803275
317	G	30.538	-0.5682	-0.5477	2.4464952354141563
318	N	27.316	-0.2337	-0.2191	3.3109640263019893
319	T	24.31	-0.7052	-0.6086	1.8416418400237562
320	P	21.556	2.1384	2.5123	2.66740174074624
321	G	22.587	0.3997	0.4721	2.6507424637669303
322	A	25.182	0.1398	0.1833	0.0
323	D	30.986	-0.0238	0.2525	2.0862845119356015
324	R	25.369	-1.7873	-1.8597	2.8195233313336567
325	T	27.853	-0.2435	-0.2646	1.5324483072951545
326	A	22.154	-3.3994	-3.3721	0.8720534136329637
327	T	20.564	-1.0509	-0.9703	2.5869556075393385
328	F	20.785	-11.6971	-12.0209	-4.606280305581777
329	Q	20.102	0.7194	0.3993	4.149491425816881
330	L	16.921	-11.0256	-10.5831	-8.955198470346682
331	H	20.029	-3.5523	-3.5205	1.203656180109216
332	R	19.593	0.27	0.5054	2.8623029781189366
333	C	22.113	-8.8307	-9.1779	-3.0469831110483483
334	E	26.176	2.0275	2.0023	4.755942562021705
335	A	31.178	-1.0072	-0.9008	1.3259403393482994
336	D	35.47	0.0807	0.1715	3.964071695972052
337	G	31.115	-1.6938	-1.7652	2.7858433696564564
338	S	29.195	-1.1702	-1.2266	2.372902058336685
339	L	26.754	-2.5729	-2.5233	-5.266399697039309
340	V	26.124	-2.4212	-2.1833	0.0
341	K	32.888	-0.1622	-0.0836	0.0
342	S	28.5	-1.548	-1.4413	2.016395820001411
343	D	25.34	-1.0502	-0.9068	3.1839388219774434
344	P	23.32	-0.4287	-0.3732	2.4419173776941414
345	P	20.983	0.0302	-0.1698	2.490244051369437
346	I	17.843	-3.949	-3.5684	-5.315979491819043
347	S	19.5	0.7494	0.8002	1.7880486598162406
348	L	18.591	-4.9204	-5.8016	-5.410596435238751
349	D	24.747	1.2586	1.3982	2.4055095096181933
350	G	23.045	-0.3487	-0.4096	2.0459680532235924
351	K	25.816	-2.1556	-2.2793	3.9617500296148087
352	Q	27.726	-0.6449	-0.669	3.621993016792586
353	E	24.186	-0.5292	-0.5427	4.552145454640475
354	F	20.068	-8.3148	-8.1381	-9.621957549789219
355	V	21.913	-4.0589	-4.3018	-3.2752170887370804
356	T	21.543	-1.3082	-1.5948	2.3228087144428198
357	G	21.29	-0.6874	-1.0038	2.6337339703667637
358	Q	23.674	0.3504	0.4736	2.9861171074913297
359	D	21.623	-0.8842	-0.6856	4.1191430421494335
360	G	20.457	-0.7113	-0.4859	1.7611316782385624
361	K	26.967	-0.1981	0.028	5.548036835946445
362	A	21.394	-4.9281	-5.0849	1.1118106351891224
363	V	19.834	-4.9587	-5.1256	-3.149599787649238
364	L	18.151	-12.057	-11.7635	-9.441358063430208
365	S	19.213	0.2766	0.1271	2.8156033710296064
366	G	16.545	-0.8666	-0.8204	1.831642463111884
367	I	15.45	-10.8593	-10.9874	-6.274925459883482
368	H	14.676	0.2072	0.2104	1.4911374942731574
369	L	13.857	-5.313	-4.5623	-8.32779897337697
370	G	14.918	1.0391	1.0897	3.0428405643455165
371	T	14.951	-0.1489	-0.1693	1.7200073462672303
372	L	16.318	-0.5522	-0.5784	-5.436050111396574
373	Q	18.703	1.7705	1.7522	2.111961093578633
374	L	25.108	-0.4538	-0.5144	-5.7214249118459355
375	E	32.156	1.1146	1.1913	3.375811178347895
376	S	32.808	-0.6607	-0.54	2.345115815496516
377	N	35.407	0.7837	0.5597	2.269256643520018
378	V	29.513	0.1387	0.1533	-1.949770941116879
379	M	26.587	n/a	n/a	-1.9411903366971703
380	K	26.139	-0.252	-0.1111	0.0
381	Y	17.561	2.2233	2.1527	0.0
382	T	18.964	-0.1261	-0.4127	0.0
383	D	17.968	2.6299	3.0586	0.0
384	A	17.124	-1.5869	-1.4896	0.0
385	W	18.018	-1.7682	-1.834	0.0
386	A	23.542	0.4714	0.4951	0.0
387	G	26.163	0.0006	0.1321	0.0
388	K	28.064	2.2767	2.5822	0.0
389	G	23.9	-0.3855	-0.6439	1.305491577610586
390	T	22.647	-2.0331	-1.3048	1.540059434108164
391	E	22.322	1.1201	1.2821	4.10015256102862
392	F	17.742	-11.9293	-9.3292	-6.712559542782963
393	C	20.088	-9.1606	-9.1661	-3.587689748170437
394	L	20.284	-13.9872	-14.4841	-8.536442127686147
395	V	19.573	-7.2906	-7.2723	-3.970391036162937
396	E	24.249	0.7034	0.8431	3.3119021840930745
397	T	23.956	-2.4228	-2.289	2.110026179558274
398	A	24.98	-1.682	-1.6291	1.4618245555721052
399	T	26.107	-0.363	-0.4573	1.7673731436299907
400	A	28.756	-0.5142	-0.5535	0.7600231673807349
401	S	33.64	-0.0183	-0.0292	2.7979544490336283
402	G	32.292	-0.0366	0.1865	1.5985113358199334
403	Y	31.247	0.8268	0.6325	-2.11473445669009
404	E	33.014	-0.6201	0.1576	4.7741296228611985
405	L	26.688	-1.9116	-1.9636	-7.274519580467361
406	L	31.121	-4.3713	-5.1636	-9.85098021078432
407	P	31.551	1.9265	2.1195	2.852533998463143
408	K	31.09	-2.2607	-2.0928	6.028672355466118
409	P	24.681	1.3628	1.4464	3.5087156664872174
410	V	22.94	-11.2353	-11.8008	-4.49006380227035
411	I	23.229	-7.408	-7.3116	-5.87911503560282
412	V	20.846	-12.6735	-12.0784	-4.567559102687555
413	K	28.358	-0.5618	-0.0824	4.410526588272013
414	L	19.151	-8.0532	-7.8724	-8.868322597420358
415	E	25.243	1.7074	1.8471	4.1798292197201565
416	A	17.68	-0.7448	-0.7498	1.0877491696984467
417	N	19.995	1.8109	1.7928	4.1516392584525255
418	E	27.919	1.1691	1.2117	3.6325235403321225
419	S	21.923	-0.0472	-0.0846	2.7876438619952966
420	T	19.229	-0.206	-0.1675	1.9076091078457011
421	N	17.371	1.3392	1.3317	2.6331420982227023
422	V	17.217	-0.2164	-0.2444	-2.989281968187374
423	L	16.7	-0.6468	-0.7462	-4.513899080474295
424	V	19.011	-6.9991	-7.0034	0.0
425	E	26.354	0.247	0.1851	0.0
426	Q	26.041	-1.6721	-1.4684	0.0
427	K	29.324	-2.74	-1.4929	0.0
428	V	24.859	-10.5468	-10.8713	0.0
429	K	30.386	-1.0943	-1.2617	2.2174986277272493
430	I	28.37	-5.7821	-6.5229	-2.5357211689785415
431	D	36.76	-1.6179	-1.3406	1.7272419213873993
432	N	39.823	1.4845	0.8706	0.0
433	K	46.383	-1.1823	-1.2711	0.0
434	K	46.639	0.1003	1.0558	0.0
435	K	n/a	n/a	n/a	0.0
436	N	n/a	n/a	n/a	0.0
