AlnIndex	Residue	B_Factor	ExpFrust	AFFrust	EvolFrust	RMSF
1	D	n/a	n/a	n/a	0.0	n/a
2	E	n/a	n/a	n/a	0.0	n/a
3	E	54.441	-0.06	0.629	0.0	n/a
4	I	37.139	-3.4684	-3.5048	0.0	n/a
5	T	28.59	-0.6335	-0.2215	0.0	n/a
6	C	18.832	-4.5213	-4.6911	0.0	n/a
7	Q	19.079	-1.577	-1.6988	0.0	n/a
8	E	19.028	0.6081	0.0909	0.0	n/a
9	N	18.77	1.2366	1.1669	0.0	n/a
10	L	18.69	0.4677	-0.011	0.0	n/a
11	P	19.284	0.872	1.102	0.0	n/a
12	F	19.826	-4.1301	-4.3191	0.0	n/a
13	T	21.429	-0.3953	-1.1094	0.0	n/a
14	C	17.18	-8.2257	-7.8247	0.0	n/a
15	G	22.05	-1.8858	-1.6917	0.0	n/a
16	N	29.135	-2.2703	-2.0496	0.0	n/a
17	T	25.277	-1.5949	-1.4498	0.0	n/a
18	D	36.666	-0.043	0.4576	0.0	n/a
19	A	35.07	-2.5411	-2.3082	0.0	n/a
20	L	23.536	-5.2342	-4.951	0.0	n/a
21	N	23.46	-0.1943	-0.03	0.0	n/a
22	S	21.825	-0.7236	0.1153	0.0	n/a
23	S	27.773	-0.7645	0.2582	0.0	n/a
24	S	25.71	-1.2819	-0.8787	3.1310359080750794	n/a
25	F	18.952	-1.7717	-1.3812	-9.61734502173079	n/a
26	S	24.935	-0.6468	-0.3381	4.037640413233308	n/a
27	S	30.363	-0.6838	-0.454	3.7593837660654477	n/a
28	D	27.359	0.7942	0.8112	5.33269251313423	n/a
29	F	17.105	-1.2858	-1.6423	-7.704218206038221	n/a
30	I	16.002	-5.1529	-4.3631	-9.280402285348876	n/a
31	F	15.913	-9.0429	-8.9777	-10.230183665844594	n/a
32	G	13.37	-0.1694	-0.0471	2.614675368176234	n/a
33	V	13.093	-10.0639	-9.6399	-7.155150522993345	n/a
34	A	12.7	-3.5277	-3.4129	1.5952840641736274	n/a
35	S	11.793	0.8071	1.021	5.739436296097306	n/a
36	S	11.475	1.3207	1.3596	5.040901674663091	n/a
37	A	10.752	-1.1454	-0.6109	1.6168152104760818	n/a
38	Y	11.916	3.435	0.5204	-3.6589903205499947	n/a
39	Q	12.747	1.7885	1.8171	3.805163250553888	n/a
40	I	12.374	-2.468	-1.9631	-10.39000991362218	n/a
41	E	12.558	4.6073	4.567	4.396627071446897	n/a
42	G	13.515	-0.2432	-0.3832	2.7391106348803462	n/a
43	T	14.567	0.6271	0.4944	3.4952473036841374	n/a
44	I	15.357	-0.2213	-0.2011	-9.307189039981973	n/a
45	G	14.125	1.3558	1.4453	3.077195006183645	n/a
46	R	12.217	2.5981	2.7921	4.446975658932316	n/a
47	G	11.68	1.3097	1.2659	4.177853960003751	n/a
48	L	13.789	0.6273	0.5574	-12.019343311063517	n/a
49	N	10.895	3.7253	3.7229	5.77145634657604	n/a
50	I	11.201	-2.1188	-2.5834	-9.680331770268271	n/a
51	W	12.215	-1.7225	-1.6184	-6.116912068795811	n/a
52	D	11.852	2.1852	1.6438	5.1029486940441	n/a
53	G	11.473	1.3484	1.4148	4.391434474114703	n/a
54	F	12.472	-0.6234	-0.6163	-11.652067485540675	n/a
55	T	12.096	0.5479	0.4597	3.4797380854035844	n/a
56	H	12.678	-0.2065	-0.2512	1.4498428188365466	n/a
57	R	13.315	-0.9256	-0.9418	4.468354660672886	n/a
58	Y	15.267	0.3524	0.4696	0.0	n/a
59	P	16.794	-1.1552	-1.2237	3.061157724392136	n/a
60	N	24.316	-0.688	-0.6265	4.158920562111952	n/a
61	K	17.362	-2.0593	-1.7736	7.632911429104728	n/a
62	S	16.34	-1.1414	-1.1418	4.420656808126583	n/a
63	G	15.715	-0.5715	-0.7515	0.0	n/a
64	P	19.596	-1.5969	-1.2474	3.5068507344983453	n/a
65	D	18.933	1.9063	1.776	4.825625895144401	n/a
66	H	20.309	-1.4834	-1.4662	1.156573039616672	n/a
67	G	17.29	-0.2019	-0.8911	3.7897038389360205	n/a
68	N	14.811	0.0431	-0.5224	5.001405394047293	n/a
69	G	13.555	0.1516	-0.1911	4.368177316691177	n/a
70	D	14.536	0.986	0.8724	5.749015217820694	n/a
71	T	16.29	-0.6405	-0.6022	3.2122322940372694	n/a
72	T	15.176	1.5556	1.1589	3.0538284960902464	n/a
73	C	17.82	-6.778	-6.195	-3.8104192204535523	n/a
74	D	19.336	3.6696	4.0835	5.20169085213784	n/a
75	S	16.545	-0.3243	-0.2128	6.487832026394723	n/a
76	F	19.15	-0.4766	-0.8053	-9.61543586202168	n/a
77	S	20.322	-0.0889	0.6985	4.7139188677593715	n/a
78	Y	20.698	1.7891	1.8045	-3.6749460362804807	n/a
79	W	17.754	0.5869	0.5621	-6.310779336154035	n/a
80	Q	19.611	1.5727	1.5634	5.41900003604963	n/a
81	K	22.868	-1.7869	-1.8441	6.924946500495959	n/a
82	D	15.775	2.1533	2.3349	3.719007142864508	n/a
83	I	17.328	-4.4842	-4.2852	-10.161688986402911	n/a
84	D	21.401	2.756	2.773	5.505703962706583	n/a
85	V	19.209	-5.8815	-5.1805	-5.035710306435966	n/a
86	L	15.9	-5.9255	-6.2156	-14.114147056589445	n/a
87	D	22.0	1.0273	0.9689	5.5713342278297775	n/a
88	E	24.64	2.1151	1.9621	6.6463506808590145	n/a
89	L	18.281	-8.2315	-8.2664	-11.417538109914474	n/a
90	N	19.657	1.5103	1.5004	4.033181590924103	n/a
91	A	15.53	-4.1569	-5.457	1.5251508171384223	n/a
92	T	15.917	-1.0389	-0.9594	3.311373214233108	n/a
93	G	14.327	-0.9256	-0.5731	4.320222480973969	n/a
94	Y	12.177	-8.042	-7.1086	-3.381163588407258	n/a
95	R	12.808	-0.8586	-0.6418	3.3247389446984066	n/a
96	F	12.64	-6.6691	-5.8119	-12.849060151675866	n/a
97	S	11.045	0.868	0.8986	3.3057142386002227	n/a
98	I	12.066	-9.7438	-9.8399	-9.956029412734887	n/a
99	A	12.248	-0.4851	-0.3847	1.82127710526708	n/a
100	W	12.192	-5.0559	-5.0791	-3.4001220883640983	n/a
101	S	11.09	2.5484	2.2567	5.508647823586192	n/a
102	R	13.371	1.3548	1.3401	2.709283439371886	n/a
103	I	14.098	-6.0393	-6.0491	-10.32242964142889	n/a
104	I	13.615	-2.6883	-2.7689	-10.895652395979118	n/a
105	P	13.956	1.7542	1.5968	3.7316728125091876	n/a
106	R	13.859	1.2343	1.1121	4.389392663698321	n/a
107	G	13.64	0.6329	0.5924	3.5895160038178466	n/a
108	K	22.303	0.568	0.5119	7.974271422864436	n/a
109	R	19.458	-0.8203	-0.9405	4.820567383116596	n/a
110	S	18.023	0.3136	0.3513	0.0	n/a
111	R	14.561	0.5261	0.5463	0.0	n/a
112	G	16.42	0.8791	0.8759	3.5109004627982983	n/a
113	V	19.94	-2.3455	-2.2648	-5.999429809588013	n/a
114	N	15.326	2.0252	2.1153	4.6699040310968964	n/a
115	E	25.428	-0.2213	-0.421	6.392655073671257	n/a
116	K	25.456	-1.0794	-0.8431	6.791191783641496	n/a
117	G	14.648	0.0546	0.1976	3.420506053044655	n/a
118	I	14.651	-3.8881	-4.5677	-9.535354646495307	n/a
119	D	23.099	1.9936	2.1377	5.60050916588673	n/a
120	Y	14.578	2.3954	1.951	-3.63254334546795	n/a
121	Y	13.057	-4.1652	-3.2506	-1.9353910947645425	n/a
122	H	19.387	0.0469	0.0719	1.754490967165877	n/a
123	G	16.532	-0.7776	-0.6856	4.0661274676378865	n/a
124	L	14.829	-4.2716	-4.184	-12.816461250693058	n/a
125	I	15.787	-6.6379	-6.3627	-11.573646594347888	n/a
126	S	18.335	-0.3141	-0.4037	4.8704998011186085	n/a
127	G	16.945	-0.4002	-0.2153	4.790274163835683	n/a
128	L	15.143	-5.3723	-4.8191	-13.024652807897741	n/a
129	I	21.545	-3.2847	-3.1782	-9.744031107396424	n/a
130	K	30.432	0.4805	0.6305	7.600038749416327	n/a
131	K	25.963	0.4838	0.8176	8.59367198683836	n/a
132	G	18.755	0.3079	-0.157	3.375295641714202	n/a
133	I	16.454	-5.9712	-5.4435	-8.18047912419656	n/a
134	T	14.891	-0.9856	-0.88	3.5981739730648434	n/a
135	P	15.629	0.1803	0.0138	3.8632606240492255	n/a
136	F	13.42	-5.5035	-5.8393	-12.935416429805509	n/a
137	V	12.386	-10.3474	-10.1831	-7.226205832187612	n/a
138	T	12.103	-1.0749	-1.0974	2.6110808737454185	n/a
139	L	12.539	-10.9806	-11.142	-10.524096238146669	n/a
140	F	12.165	-7.9083	-6.9219	-12.185443672897906	n/a
141	H	11.699	-1.6991	-1.801	1.082149839020459	n/a
142	W	13.259	-2.3513	-1.9985	-5.69664836734929	n/a
143	D	11.696	5.7412	6.0497	5.616804967131884	n/a
144	L	12.442	-3.4174	-3.4081	-12.206837544003305	n/a
145	P	11.696	4.1272	4.138	2.344857014700641	n/a
146	Q	13.271	2.3995	2.244	4.823343169605323	n/a
147	T	13.78	-0.0313	-0.3077	3.4083327822957856	n/a
148	L	12.434	-1.6003	-1.6259	-8.909333361130681	n/a
149	Q	11.917	2.3924	2.4176	5.346595072717719	n/a
150	D	13.321	2.2284	2.2329	5.295378455729262	n/a
151	E	14.234	1.7877	1.95	4.502575823809605	n/a
152	Y	13.978	2.0699	1.9546	0.0	n/a
153	E	13.19	2.1644	2.3189	5.193802601408486	n/a
154	G	12.035	1.3541	1.3404	3.1094413278923354	n/a
155	F	13.558	-8.2708	-7.4237	-9.95682825994187	n/a
156	L	13.31	-1.9816	-2.0965	-12.089947158515411	n/a
157	D	14.48	3.0279	3.3308	5.938866885006639	n/a
158	P	14.509	-0.2443	-0.0378	4.659687183436529	n/a
159	Q	20.323	1.5141	1.7471	4.5528813981755585	n/a
160	I	14.032	-5.1601	-5.0991	-10.908489421250339	n/a
161	I	15.154	-3.9074	-3.4367	-9.306876725839366	n/a
162	D	22.519	-0.5197	-0.5232	5.403853922630094	n/a
163	D	14.376	3.7439	3.5701	7.148150472698944	n/a
164	F	13.684	-7.4718	-7.2437	-10.166524981933938	n/a
165	K	19.469	1.0278	1.0099	9.366245054794467	n/a
166	D	16.475	0.1367	-0.0682	5.885099307883737	n/a
167	Y	12.259	-5.0819	-4.8339	-2.929646007543397	n/a
168	A	12.864	-4.8521	-4.9807	1.4673756222629748	n/a
169	D	15.069	2.3473	2.3944	6.724217971870291	n/a
170	L	15.664	-3.2428	-3.2318	-14.310790730202156	n/a
171	C	13.22	-11.0167	-10.791	-4.928538797693483	n/a
172	F	13.964	-4.3925	-3.767	-13.598375673495363	n/a
173	E	22.708	2.9911	3.1966	6.744152934630764	n/a
174	E	21.194	2.0059	2.0849	8.113760992005059	n/a
175	F	15.31	-5.2927	-5.6531	-12.52951144414747	n/a
176	G	15.465	0.1571	0.2045	3.964511036470891	n/a
177	D	25.357	-0.215	-0.2623	5.9043495206356775	n/a
178	S	21.703	0.5612	0.5354	5.573921846934809	n/a
179	V	15.306	-6.9423	-7.1348	-4.6325309706483635	n/a
180	K	17.134	0.6598	0.7256	8.78440189885994	n/a
181	Y	16.425	-1.3172	-1.4646	-4.059202866584608	n/a
182	W	12.851	-1.964	-3.0184	-4.795503472957128	n/a
183	L	13.899	-6.9287	-6.9634	-11.338603184698274	n/a
184	T	13.906	0.2773	0.2283	2.9560386889895294	n/a
185	I	14.116	-8.1926	-8.1515	-10.490087134323355	n/a
186	N	13.786	3.0703	3.012	4.052126411310311	n/a
187	Q	14.821	0.4966	0.3603	3.6922946057902903	n/a
188	L	14.504	-6.381	-6.7942	-9.014594337765844	n/a
189	Y	13.981	-1.0961	-0.9996	-3.328925595112292	n/a
190	S	13.848	1.3413	1.7714	5.760420480548132	n/a
191	V	12.684	-4.8412	-5.0071	-6.772183510703	n/a
192	P	12.687	0.7446	0.6515	4.459616468091315	n/a
193	T	13.613	0.4525	0.5168	3.3288780779808134	n/a
194	R	17.823	0.2314	1.0956	4.355449892568925	n/a
195	G	12.328	0.3382	0.4438	3.885093031691811	n/a
196	Y	12.383	0.6785	1.0556	-3.8145006706741507	n/a
197	G	13.787	-0.4457	-0.4756	3.7210298048072743	n/a
198	S	15.112	1.5774	1.4861	4.928284575489646	n/a
199	A	14.226	-0.6501	-0.5466	1.7177744031140192	n/a
200	L	15.609	-0.3217	-0.0246	-10.64511677636282	n/a
201	D	13.338	2.3702	2.4373	6.531225453446711	n/a
202	A	12.252	0.418	0.6734	2.0196681224666273	n/a
203	P	12.847	3.6317	3.8952	4.866499961425354	n/a
204	G	13.497	-0.3529	-0.1825	3.795089996709449	n/a
205	R	13.396	0.4613	0.7281	4.519447414470386	n/a
206	C	13.888	-2.2747	-2.165	-3.2518720123698586	n/a
207	S	15.722	-0.4452	-0.4754	5.04976927821678	n/a
208	P	19.637	-0.3492	-0.1768	3.9106360069640687	n/a
209	T	23.029	-0.117	-0.1966	0.0	n/a
210	V	19.386	0.0591	0.0671	0.0	n/a
211	D	19.209	1.0767	1.2143	0.0	n/a
212	P	20.643	-0.0738	0.1358	0.0	n/a
213	S	18.832	-0.6374	-0.5837	0.0	n/a
214	C	15.61	-3.6315	-3.3333	0.0	n/a
215	Y	14.286	1.7534	2.1082	0.0	n/a
216	A	14.1	1.0407	1.5121	0.0	n/a
217	G	13.425	-0.0827	0.0222	0.0	n/a
218	N	14.315	-0.0116	0.0472	0.0	n/a
219	S	14.062	0.1509	0.2083	0.0	n/a
220	S	14.803	0.3164	0.3294	0.0	n/a
221	T	14.794	-0.5507	-0.9111	2.966930465980855	n/a
222	E	13.461	2.1557	2.4297	6.649711981416778	n/a
223	P	12.623	2.671	2.8372	4.300941885108769	n/a
224	Y	13.076	-4.3799	-4.3136	-3.19422345887288	n/a
225	I	13.314	-3.0052	-3.3115	-8.95584238199406	n/a
226	V	12.104	-5.5144	-5.7819	-5.377782003739388	n/a
227	A	11.544	-2.2433	-2.0002	1.7337454243974637	n/a
228	H	13.726	-0.7527	-0.8457	1.3881151121994135	n/a
229	H	13.658	-0.4153	-0.2377	1.6244769726619637	n/a
230	Q	12.471	2.7125	2.6972	5.280216982126699	n/a
231	L	13.322	-7.4739	-7.4504	-11.477908312695874	n/a
232	L	15.519	-3.4748	-3.6159	-10.849804670051597	n/a
233	A	13.31	-4.4733	-4.4475	1.3005150339159675	n/a
234	H	12.419	-0.6705	-0.5518	1.6059032709894574	n/a
235	A	14.044	-2.6829	-3.2993	1.3852717102385166	n/a
236	K	22.122	1.9433	1.6333	8.79375014697804	n/a
237	V	12.49	-9.5919	-9.042	-6.330081833033714	n/a
238	V	12.284	-4.8861	-4.9513	-5.510220929606093	n/a
239	D	17.344	1.4595	1.0238	5.838666845942043	n/a
240	L	16.731	-2.9782	-1.9618	-12.870124791993357	n/a
241	Y	14.373	2.9085	2.9392	-4.131026817016415	n/a
242	R	16.078	-0.9831	-0.84	4.159139975829452	n/a
243	K	19.792	1.558	2.7536	7.025138177963	n/a
244	N	20.069	1.2586	1.4408	5.5460320929699165	n/a
245	Y	16.303	3.583	3.99	0.0	n/a
246	T	20.259	0.8687	0.8404	0.0	n/a
247	H	18.848	0.9968	1.7577	1.5714291604094317	n/a
248	Q	16.163	1.7165	1.9949	4.60255112175781	n/a
249	G	18.078	1.3537	1.5187	3.375765435301338	n/a
250	G	14.805	-0.1908	-0.1487	4.256788232810849	n/a
251	K	19.389	2.84	3.1047	7.399425987145557	n/a
252	I	12.855	-6.938	-6.594	-8.729213564394286	n/a
253	G	12.945	0.169	0.3224	3.0051749105301067	n/a
254	P	12.073	4.0041	4.0508	4.313093308565409	n/a
255	T	13.149	-1.0958	-0.987	3.384813546810045	n/a
256	M	12.703	-7.6793	-7.8822	-6.738408474885809	n/a
257	I	12.53	-5.6358	-5.6727	-9.51265999743945	n/a
258	T	11.299	-0.2525	-0.5189	3.926674096996402	n/a
259	R	13.886	0.1578	0.2357	4.912280064396495	n/a
260	W	13.343	0.5005	0.0173	-5.611635343799638	n/a
261	F	12.943	-4.6939	-4.639	-11.627540992844699	n/a
262	L	13.92	-3.4617	-3.5195	-10.54098265195884	n/a
263	P	13.906	1.6264	1.5515	3.2333279372178607	n/a
264	Y	15.675	-1.4834	-1.574	-3.205942379189621	n/a
265	N	16.024	-0.0974	-0.0958	5.100101589814106	n/a
266	D	22.737	0.1496	0.1761	5.162996053244761	n/a
267	T	20.983	0.1557	0.1723	2.762497508658893	n/a
268	D	19.645	0.0741	-0.432	5.357118462419533	n/a
269	R	18.495	-1.0347	-0.9842	3.9021553170447127	n/a
270	H	16.935	-0.1897	-0.3368	0.0	n/a
271	S	13.288	1.01	0.8113	4.667094077314711	n/a
272	I	14.363	-1.8522	-2.0334	-8.01709532268952	n/a
273	A	14.57	-0.648	-0.6621	2.1290677467987784	n/a
274	A	14.506	-2.0667	-2.5011	1.5217196291826105	n/a
275	T	13.82	-0.2501	-0.2841	2.928319361404982	n/a
276	E	16.26	-1.3919	-1.2529	5.831533033530018	n/a
277	R	16.147	0.9673	0.8081	3.983529439503639	n/a
278	M	14.771	-4.7807	-4.6167	-6.180612449947316	n/a
279	K	12.53	1.0632	0.981	8.409271376909505	n/a
280	E	13.837	0.6312	0.7295	6.858238672867796	n/a
281	F	14.566	-3.0808	-3.096	-7.544717109862823	n/a
282	F	13.598	-5.3798	-4.9716	-11.57375124438589	n/a
283	L	12.269	-7.238	-7.4993	-11.82420696658662	n/a
284	G	12.282	-1.7042	-1.5121	4.069211665200567	n/a
285	W	12.874	0.8291	0.4283	-6.3519010702751455	n/a
286	F	12.123	-6.0718	-6.1514	-10.62786221243129	n/a
287	M	13.613	-2.9724	-3.3367	-6.664627011910541	n/a
288	G	13.37	-1.7843	-1.2732	3.617915781146047	n/a
289	P	12.771	0.8263	0.9135	3.6106592562979416	n/a
290	L	14.514	-6.06	-6.1741	-11.057125754621234	n/a
291	T	16.164	1.3122	1.1546	3.3910057120602737	n/a
292	N	19.411	0.8979	0.3923	5.397466641574259	n/a
293	G	17.045	0.0918	0.165	2.7157073516165933	n/a
294	T	16.536	0.1625	0.3918	3.203342264915591	n/a
295	Y	13.575	1.4268	1.0396	-2.699586814251449	n/a
296	P	14.891	0.9705	0.9578	3.3289163713206777	n/a
297	Q	17.097	1.1239	1.2737	4.574672032743844	n/a
298	I	16.107	-2.5241	-2.6751	-8.768234082243548	n/a
299	M	14.561	-2.1004	-2.0572	-6.972864481670369	n/a
300	I	17.149	-3.4683	-3.4634	-9.184186238571927	n/a
301	D	21.151	0.8307	1.05	5.531960602956803	n/a
302	T	17.824	-0.5639	-0.4556	3.0933582613688726	n/a
303	V	16.603	-3.9443	-4.0295	-5.800681327571008	n/a
304	G	18.582	0.0941	-0.24	3.720086624405021	n/a
305	E	27.761	-1.7003	-1.7257	5.302233585770912	n/a
306	R	16.175	-1.2622	-0.4545	4.223710147674123	n/a
307	L	15.207	-3.0145	-3.3886	-11.242703602413258	n/a
308	P	17.704	-0.1094	0.2568	4.371526445219771	n/a
309	S	23.048	0.0378	-0.0025	5.3282301467014275	n/a
310	F	20.787	0.3648	0.3572	-11.475313760468884	n/a
311	S	21.055	0.6567	0.4637	5.234433849823984	n/a
312	P	22.91	1.1793	1.2265	3.9057535393135367	n/a
313	E	30.237	2.1	2.1082	5.917546224586562	n/a
314	E	21.342	0.9497	0.7386	5.763535268045464	n/a
315	S	20.585	-0.2172	-0.2314	5.481520802085326	n/a
316	N	25.11	0.8061	0.9012	4.513342833505655	n/a
317	L	20.351	-1.1423	-1.677	-11.126533798571472	n/a
318	V	15.339	-4.4717	-4.2453	-5.3978453614802815	n/a
319	K	17.509	0.5646	0.4176	7.630365731236596	n/a
320	G	14.8	-0.1265	-0.2467	3.7765518412818317	n/a
321	S	13.453	0.2525	0.1879	4.657703316398941	n/a
322	Y	14.241	-1.2573	-1.0224	-3.4487103017173277	n/a
323	D	13.878	1.2068	1.2234	3.468228714279145	n/a
324	F	13.81	-3.6892	-2.7996	-10.015357781715537	n/a
325	L	12.9	-7.7555	-7.7643	-11.097100107024625	n/a
326	G	12.657	0.5256	0.9053	3.47853906683026	n/a
327	L	13.171	-10.2406	-10.0156	-10.617377216269759	n/a
328	N	11.35	2.8986	3.0095	4.647328382803201	n/a
329	Y	11.182	-5.2925	-5.1904	-3.2894886172393853	n/a
330	Y	11.948	-0.1596	0.5771	-2.698393002886333	n/a
331	F	13.928	-6.1881	-5.7367	-11.920417909965444	n/a
332	T	12.107	0.4354	0.2578	3.8895115368943247	n/a
333	Q	14.548	1.3168	1.2824	4.801921458586668	n/a
334	Y	13.599	-2.0332	-2.5095	-3.157636550308158	n/a
335	A	13.446	-2.9685	-3.508	1.6257718452794077	n/a
336	Q	16.207	1.7432	1.6086	4.954340617336057	n/a
337	P	15.974	1.3757	0.7162	4.588242747897766	n/a
338	S	17.302	-0.1242	-0.2647	4.693847376155358	n/a
339	P	21.78	0.8655	0.6417	3.841059433345723	n/a
340	N	18.799	0.96	0.9971	4.573136227880241	n/a
341	P	23.499	1.1003	0.6677	3.8451491701836233	n/a
342	V	22.143	-0.8768	-0.9859	-4.442968631685624	n/a
343	N	31.436	0.5437	0.1787	4.661242312691445	n/a
344	S	25.365	-0.54	-0.5902	4.424665125465277	n/a
345	T	25.973	-0.3063	-0.3933	2.6780324586430937	n/a
346	N	30.801	0.08	0.0037	0.0	n/a
347	H	16.654	-0.5712	-0.7727	0.0	n/a
348	T	16.519	0.5133	0.5093	0.9740848351932407	n/a
349	A	15.236	-1.3211	-1.2675	0.915079187359927	n/a
350	M	16.212	-1.2047	-1.0758	0.0	n/a
351	M	16.169	-0.1082	-0.2227	0.0	n/a
352	D	15.11	1.365	1.6793	0.0	n/a
353	A	14.688	-0.5521	-1.1677	0.0	n/a
354	G	15.377	0.2008	0.0212	0.0	n/a
355	A	16.266	-2.9666	-2.7738	0.6073226565516674	n/a
356	K	19.214	1.6116	0.9914	0.0	n/a
357	L	15.184	-4.6752	-4.0894	0.0	n/a
358	T	14.616	0.3726	0.2311	0.0	n/a
359	Y	16.484	-2.0446	-1.0378	0.0	n/a
360	I	16.481	-3.8602	-3.8695	0.0	n/a
361	N	15.42	1.1231	1.266	0.0	n/a
362	A	17.104	1.7676	1.7207	0.0	n/a
363	S	17.918	-0.634	-0.288	0.0	n/a
364	G	18.57	-0.1942	-0.041	2.162877416417383	n/a
365	H	16.437	-0.8263	-0.9824	1.3222155923023438	n/a
366	Y	18.627	-1.634	-0.834	-3.252371086527953	n/a
367	I	14.108	-6.5218	-6.8967	-8.066742839072312	n/a
368	G	14.473	-0.0136	0.2121	3.86011964424135	n/a
369	P	14.389	2.141	1.4189	3.8293990348718245	n/a
370	L	16.656	-2.8264	-3.4423	-8.927051053099078	n/a
371	F	14.823	-3.5881	-3.5979	0.0	n/a
372	E	23.246	-0.375	-0.2143	0.0	n/a
373	K	34.856	-2.1285	-2.2656	0.0	n/a
374	D	41.716	-0.4011	-0.3518	0.0	n/a
375	K	53.662	-2.5757	-2.3941	0.0	n/a
376	A	49.32	0.022	0.246	0.0	n/a
377	D	43.892	0.3774	0.5598	5.606028931462046	n/a
378	S	39.492	-1.258	-0.9968	4.574950294251745	n/a
379	T	38.17	-0.8384	-0.6263	2.967886240828911	n/a
380	D	41.355	0.3451	0.8541	6.425452284616313	n/a
381	N	23.157	-0.4503	-0.3186	5.536584183434857	n/a
382	I	17.254	-3.2715	-3.3971	-8.973210443179022	n/a
383	Y	16.848	-5.1339	-4.9929	-3.702897006515358	n/a
384	Y	13.106	-3.4804	-1.6344	-3.419203829259387	n/a
385	Y	13.45	-4.2661	-4.2257	-3.69114816202706	n/a
386	P	14.196	1.2595	1.3798	3.570905094784226	n/a
387	K	20.133	1.5475	1.1536	9.089648116855331	n/a
388	G	12.547	-0.0184	-0.1809	3.8392456243564803	n/a
389	I	13.201	-9.0794	-9.374	-9.611385156467279	n/a
390	Y	15.194	-2.1187	-2.0459	-4.268510331716363	n/a
391	S	14.33	0.2821	0.3636	5.590021934909505	n/a
392	V	12.989	-7.594	-8.6338	-6.0182056478224935	n/a
393	M	14.714	-6.7455	-6.7113	-6.75383832302173	n/a
394	D	16.119	0.2778	-0.085	6.596105853531992	n/a
395	Y	14.962	1.848	1.8457	-3.939775079783646	n/a
396	F	13.118	-5.8107	-6.2694	-11.755921894471324	n/a
397	K	19.218	1.7877	2.1216	8.31923386770342	n/a
398	N	19.316	0.0838	0.0134	4.718671667397398	n/a
399	K	22.419	0.3653	0.2645	7.475198255167662	n/a
400	Y	15.466	-0.3612	-0.4539	-2.9875967900553455	n/a
401	Y	19.515	3.3384	2.7723	-3.4460881858031875	n/a
402	N	16.081	-0.0035	-0.484	5.868058039571871	n/a
403	P	13.72	1.8733	1.8369	4.020304288497563	n/a
404	L	14.381	-2.009	-1.9485	0.0	n/a
405	I	13.258	-8.2788	-8.4265	-8.720483325995176	n/a
406	Y	15.029	-5.4828	-5.5989	-3.6273088055800624	n/a
407	V	12.724	-7.8999	-8.0924	-5.244125205925253	n/a
408	T	12.046	-1.1941	-1.2113	3.1412423532469083	n/a
409	E	12.138	0.0474	0.5051	4.539567622527676	n/a
410	N	11.998	1.2089	1.2526	4.643061154334598	n/a
411	G	12.138	-0.3266	-0.0056	2.2812726009729216	n/a
412	I	13.897	-3.9363	-4.0136	-9.642189773811927	n/a
413	S	15.822	0.7931	0.8569	5.215551309747991	n/a
414	T	17.047	-0.7395	-0.9029	3.465311195514196	n/a
415	P	22.384	0.2727	0.2214	4.473199706216962	n/a
416	G	28.15	0.7989	0.8338	4.060409564039554	n/a
417	D	40.562	-0.0944	0.07	0.0	n/a
418	E	30.317	1.1211	0.5707	4.712190123886988	n/a
419	N	31.316	-0.1252	-0.1307	4.610691524475729	n/a
420	R	36.165	-2.8664	-3.0433	2.9493701103611834	n/a
421	N	33.459	0.3344	0.1266	4.105783269706511	n/a
422	Q	31.191	-0.2201	-0.4017	4.1165200173013305	n/a
423	S	24.238	0.6049	0.4632	5.629082737336471	n/a
424	M	24.4	-0.0537	0.3589	-5.302059000630283	n/a
425	L	21.321	0.3847	0.6561	-11.148534387063114	n/a
426	D	17.285	1.3804	1.2056	3.7564893970109696	n/a
427	Y	22.224	1.5125	1.5413	-3.7171565531029476	n/a
428	T	16.906	-0.1242	-0.1165	3.625597823280307	n/a
429	R	14.418	-0.75	-0.8204	2.7293658028631973	n/a
430	I	14.845	-4.6227	-4.7539	-8.90610796207181	n/a
431	D	16.911	0.921	1.0626	5.630901498719475	n/a
432	Y	12.583	-1.2276	-1.0913	-2.9045289178760583	n/a
433	L	14.199	-7.5839	-8.2014	-12.496402633196938	n/a
434	C	14.432	-11.0185	-10.2659	-3.8727436308805694	n/a
435	S	13.803	-0.8847	-0.9208	5.437898472762802	n/a
436	H	12.649	-2.5745	-2.3269	1.623660155689274	n/a
437	L	13.662	-8.8105	-8.5635	-12.132245996463793	n/a
438	C	13.528	-8.213	-7.4365	-3.9149544489607346	n/a
439	F	14.397	-6.0977	-6.7352	-12.796613324136903	n/a
440	L	13.414	-7.5755	-7.3302	-13.874409574591315	n/a
441	N	17.538	0.7889	1.641	6.129876354256626	n/a
442	K	18.308	0.2899	0.7498	8.365100740420626	n/a
443	V	14.46	-5.4823	-5.5126	-4.760449747931513	n/a
444	I	15.851	-4.0609	-3.5699	-9.565371994137758	n/a
445	K	24.292	-0.1504	0.8301	7.0030515046010136	n/a
446	E	19.942	-2.6052	-2.2496	5.817043384027976	n/a
447	K	18.4	-1.2032	-0.9725	0.0	n/a
448	D	22.611	-1.7627	-1.5453	4.361931533401538	n/a
449	V	14.63	-4.5749	-4.024	-6.113706041090705	n/a
450	N	14.369	2.2485	2.3803	5.04617203814192	n/a
451	V	14.826	-7.5442	-8.1238	-7.1940191115501495	n/a
452	K	18.916	1.8235	1.4832	8.529572184886044	n/a
453	G	13.845	-0.8019	-0.6804	3.246104592927455	n/a
454	Y	13.475	-3.6005	-3.4006	-2.7863492586070127	n/a
455	L	15.144	-7.2685	-6.5827	-12.325428051982223	n/a
456	A	12.936	-6.1014	-6.2511	1.5926979481362793	n/a
457	W	12.323	-3.4631	-3.4622	-4.177537486888252	n/a
458	A	12.442	-2.8096	-1.4712	1.5259345840991763	n/a
459	L	14.045	-7.9327	-6.9731	-13.004934890921168	n/a
460	G	15.797	0.2992	0.2939	4.041335130529492	n/a
461	D	15.779	2.5534	2.5243	3.4285361467763753	n/a
462	N	17.36	2.5838	2.5452	6.6579244258768275	n/a
463	Y	14.444	3.4953	3.3804	-3.1375328567589924	n/a
464	E	16.31	2.9495	3.3044	5.200570634876577	n/a
465	F	13.552	0.9771	0.7526	-10.993809227555797	n/a
466	N	17.242	0.1659	1.3031	4.8844225559825025	n/a
467	K	22.13	1.1215	1.0714	7.992690111188136	n/a
468	G	15.8	0.2016	-0.1791	3.133348099315395	n/a
469	F	16.844	1.1466	1.2041	-9.908404737173298	n/a
470	T	17.627	0.1745	0.0592	3.128339427684128	n/a
471	V	17.094	-1.0402	-0.4419	-5.932824213641652	n/a
472	R	18.079	0.8661	0.6793	3.7136218606668705	n/a
473	F	14.887	-3.2617	-3.0519	-9.360279983063336	n/a
474	G	13.668	0.7297	0.8837	2.0888401542650077	n/a
475	L	15.286	-6.7611	-6.5931	-11.357799621560318	n/a
476	S	17.243	1.4427	1.602	6.0790790168850055	n/a
477	Y	21.861	-2.1485	-2.3001	-3.8962394904524444	n/a
478	I	22.076	-3.1798	-2.503	-7.561673258756735	n/a
479	D	25.383	0.79	0.6177	4.5439479993590455	n/a
480	W	22.13	-0.7672	-0.7257	-6.175757911799457	n/a
481	N	32.296	-0.5075	-0.54	4.979819552146613	n/a
482	N	31.881	-0.2536	-0.1744	4.847243477891329	n/a
483	V	24.671	-1.8564	-1.8593	-3.8230503563999934	n/a
484	T	26.063	-0.5863	-0.486	0.0	n/a
485	D	27.337	-0.3051	-0.3117	5.803864482519346	n/a
486	R	22.045	-2.1283	-2.0241	2.5452812683756507	n/a
487	D	25.681	0.7347	0.2355	6.669841140366651	n/a
488	L	20.471	-3.2446	-2.8539	-11.63941705857178	n/a
489	K	15.899	4.9326	4.5981	6.233795632982684	n/a
490	K	22.472	3.0657	2.7725	9.117389549394614	n/a
491	S	16.778	1.5462	2.0478	3.1577857071671183	n/a
492	G	17.492	-0.1909	0.0078	4.6347553821502085	n/a
493	Q	22.686	1.8373	1.6461	5.193469751000162	n/a
494	W	18.228	-2.2257	-2.2921	-5.499586352883087	n/a
495	Y	15.294	-4.4529	-3.9998	-3.4407257778935003	n/a
496	Q	21.263	0.628	0.5478	4.649246028309598	n/a
497	S	21.997	0.6122	0.7537	4.3713645852603085	n/a
498	F	18.253	-7.9092	-7.0591	-10.321668822488798	n/a
499	I	17.886	-2.6584	-2.7584	-4.780245368548142	n/a
500	S	20.6	-0.1294	0.0316	0.0	n/a
501	P	25.229	0.3422	1.5632	0.0	n/a
