AlnIndex	Residue	B_Factor	ExpFrust	AFFrust	EvolFrust
1	F	n/a	n/a	n/a	0.0
2	A	n/a	n/a	n/a	0.0
3	D	n/a	n/a	n/a	0.0
4	D	n/a	n/a	n/a	0.0
5	H	n/a	n/a	n/a	0.0
6	A	n/a	n/a	n/a	0.0
7	M	n/a	n/a	n/a	0.0
8	S	48.312	0.0232	-0.5524	0.0
9	P	40.789	1.0168	-0.4454	0.0
10	D	40.186	0.9358	1.8099	0.0
11	M	26.779	-1.2537	-1.4333	0.0
12	K	31.708	0.9689	0.8959	0.0
13	L	21.194	-1.9628	-2.2093	-4.241362134345626
14	L	19.888	-3.7648	-3.4088	-7.906847406784143
15	A	26.872	-1.8588	-1.3161	1.2261680803963038
16	G	24.835	-1.8639	-1.693	3.5216537321841352
17	A	28.65	-1.3871	-1.643	1.3171853452467088
18	S	14.62	0.0466	0.0424	4.1749021816397685
19	N	17.906	0.5669	0.9611	5.240931268947622
20	W	12.874	-2.6444	-2.5825	-3.2871180788343186
21	V	12.823	-2.7277	-2.7435	-5.136694580001248
22	N	12.945	0.0246	0.0858	3.6404552121081464
23	Q	16.092	0.2797	0.3219	4.101405457248682
24	S	18.568	-0.1384	-0.0432	4.628691326142147
25	G	14.327	-0.2992	-0.2318	2.6615976250982865
26	S	11.775	0.8292	0.8102	3.2329299626461476
27	V	13.541	-3.0844	-2.8247	-4.7832323102967695
28	A	12.804	-2.5485	-2.8051	1.3991300279130463
29	Q	18.848	1.5994	1.6617	4.250439861536021
30	F	11.689	-5.6363	-5.7489	-11.14578799928968
31	V	13.627	-2.4037	-2.4446	-4.6736880513252155
32	F	13.076	-4.2363	-4.0297	-10.043842845261088
33	T	15.534	-0.1652	0.6899	0.0
34	P	14.749	-0.4941	-0.3907	0.0
35	S	12.688	0.531	0.7659	0.0
36	P	15.617	0.7953	0.8207	0.0
37	T	18.22	-0.19	-0.1523	0.0
38	Q	12.73	0.7681	0.9242	0.0
39	P	14.499	0.1482	0.3165	3.508126273855055
40	Q	15.217	1.6	1.6946	4.3141053838359325
41	T	11.697	0.7521	0.9065	3.2317114759976953
42	Y	12.518	-0.6221	0.1989	-2.5557989331386795
43	E	22.684	1.2724	1.3698	7.019031105662575
44	V	13.546	-6.4116	-6.4107	-5.250216178898654
45	S	12.782	-0.0394	-0.0685	4.055750672164519
46	G	12.3	-0.7704	-0.7719	2.2201826008471603
47	N	15.926	1.7612	1.7356	4.880420281084352
48	Y	13.162	-3.3061	-3.0864	-2.750543082721642
49	I	13.572	-0.7072	-0.3161	-7.736623940548815
50	N	13.429	1.3025	1.3456	5.1913275991245085
51	N	18.87	-0.0081	0.0614	5.188395157429125
52	A	22.878	1.4632	1.7043	0.9234161754698885
53	Q	30.524	0.2604	0.3342	2.9217771933430785
54	G	29.37	1.0067	1.0967	2.0189297609399306
55	T	21.436	0.8747	0.8662	2.716665858395345
56	G	17.275	0.9187	0.8682	3.409898508439626
57	C	14.718	-0.7279	-1.3063	-3.4375950424521906
58	K	20.404	1.729	1.7915	7.77132039475498
59	G	16.922	0.3709	0.2125	2.7266246694981406
60	T	15.689	0.7085	0.6689	2.7555305323057837
61	P	17.66	-0.2179	-0.027	3.972393626203879
62	Y	12.752	-3.1803	-3.5726	-2.9357154997700623
63	P	13.101	0.1751	0.4428	3.3619733593179477
64	L	17.361	-3.8519	-4.0963	-8.915061861976788
65	S	16.288	-0.1773	0.0072	4.300979055704739
66	G	12.758	-1.2129	-1.3361	2.1371923646664874
67	A	9.536	-1.6963	-1.6883	1.4971845199198637
68	Y	10.75	-0.1864	0.9491	-2.821337247202271
69	Y	11.68	1.5294	1.9359	-2.4382166862433166
70	S	12.318	-0.3894	-0.7003	3.1903487332117253
71	G	13.418	0.2959	0.3639	3.081918715376033
72	N	13.396	0.9084	0.5243	0.0
73	Q	14.719	1.7582	1.8497	4.013712859708909
74	I	11.08	-2.5709	-2.7208	-8.0356878374215
75	I	9.07	-6.6791	-6.6058	-8.861703617361465
76	S	9.753	0.9053	0.8281	4.398562131130706
77	F	10.207	-5.688	-5.6523	-8.680911627414018
78	S	10.602	1.3811	0.8591	4.420361501886705
79	V	9.579	-5.4383	-5.2491	-4.0126884317280656
80	V	10.681	-1.8712	-2.2275	-5.154727050759124
81	W	11.684	0.1535	0.163	-4.569997916079962
82	S	12.435	-0.3487	-0.2438	0.0
83	N	14.69	0.2635	0.2935	0.0
84	A	20.554	0.944	0.9943	0.0
85	S	20.103	-0.0062	0.0131	0.0
86	A	15.884	0.7116	0.2975	1.2829389428392353
87	N	15.58	0.8251	0.9523	4.32875657136644
88	C	14.61	-1.7351	-2.3931	-3.5542340383659203
89	Q	21.422	1.2009	1.1007	4.296751680540153
90	S	14.248	0.2599	0.2884	4.069756660973164
91	A	11.836	-2.0274	-2.0076	1.388885463812549
92	T	9.917	0.4928	0.6364	3.5219982057587433
93	G	10.552	-0.1034	-0.0947	3.381762318281038
94	W	9.676	-1.7852	-1.1576	-4.88528044527822
95	T	10.64	-0.2638	-0.159	2.906814619912618
96	G	10.092	0.0702	0.0232	2.439455493050948
97	Y	14.414	-0.3937	-0.6775	-3.165782764647953
98	F	12.547	-3.0863	-3.1859	-10.10992252819061
99	D	20.527	1.2217	1.6464	5.265998417635046
100	F	24.696	-0.1486	-0.5858	-5.989283483051
101	S	32.903	-0.3242	-0.57	3.1299138695778943
102	G	31.31	-0.5048	-0.5246	2.7949403476485126
103	S	33.518	-0.5345	-0.394	3.844485824240708
104	Q	20.076	1.1302	1.4246	4.082138588068801
105	A	15.612	-1.2412	-0.5279	1.4590145231373441
106	V	17.123	-3.3852	-3.6831	-4.74249550914841
107	L	12.176	-4.9067	-4.9847	-10.444764135767036
108	K	20.934	0.3461	0.4141	6.477553751517228
109	T	12.164	-0.3988	-0.3086	2.543289276992865
110	D	16.961	2.5328	2.5903	5.105800072402279
111	W	13.205	0.8915	0.9502	-3.507065529007844
112	N	12.02	2.1804	2.1343	5.964153883489812
113	L	13.864	-2.9084	-2.9427	-9.262153768476352
114	A	12.02	-1.883	-1.902	1.3328964568243309
115	F	18.174	-2.9358	-3.135	-9.614345345787443
116	Y	18.914	0.012	-0.3791	-2.688880479882474
117	S	30.972	-0.674	-0.6096	4.252327209156498
118	G	37.028	-0.4107	-0.8938	2.613810842333674
119	S	33.305	-0.264	-0.3727	3.884109109272907
120	T	27.397	-0.3917	-0.4552	2.688789461829126
121	P	20.924	-0.8043	-0.8784	3.1938333787063105
122	A	20.152	-2.4001	-2.4383	1.371571829485393
123	I	19.919	-2.3872	-2.4905	-7.418190643387399
124	Q	30.998	0.8676	0.835	2.7612676003569074
125	Q	23.866	0.2785	0.3352	3.0738487369356178
126	G	15.387	0.6727	0.7566	1.9339815185809657
127	Q	22.407	0.5136	0.5938	2.8265244331434802
128	D	13.307	1.5107	2.0494	3.4925574524156793
129	D	17.919	1.2389	1.466	3.4773008089376667
130	F	12.742	-3.9363	-3.706	-4.738908949033891
131	M	14.44	-2.8667	-2.8423	-3.2781952754365276
132	Q	16.233	1.4831	1.8293	0.0
133	S	16.597	-0.1153	-0.0408	0.0
134	V	25.7	0.6857	1.2786	0.0
