AlnIndex	Residue	B_Factor	ExpFrust	AFFrust	EvolFrust	RMSF
1	G	36.4	0.583	n/a	0.0	n/a
2	A	28.924	0.1778	n/a	0.0	n/a
3	M	17.295	-1.6641	n/a	0.0	n/a
4	G	15.055	-0.9406	n/a	0.0	n/a
5	S	12.813	-0.0417	n/a	0.0	n/a
6	M	12.259	-0.8126	-0.1149	0.0	n/a
7	E	12.7	-1.0105	-0.9316	3.8581811324950315	n/a
8	R	10.715	-1.4195	-2.2349	2.708202613833536	n/a
9	A	10.242	-2.1603	-1.7085	1.517697488597234	n/a
10	S	10.767	0.8517	0.7539	3.8766235128595516	n/a
11	L	10.164	-4.4641	-3.6828	-9.945945766976342	n/a
12	I	11.786	-4.7199	-4.8166	-7.017896636822857	n/a
13	Q	14.32	0.3194	0.4017	4.416394351174799	n/a
14	K	10.554	1.9698	1.3236	6.982781786458262	n/a
15	A	9.332	-3.9974	-3.8691	1.355586502377623	n/a
16	K	12.504	-0.5819	-0.586	6.158138275970128	n/a
17	L	10.935	-1.3824	-1.3719	-8.87917843810249	n/a
18	A	10.87	-2.5089	-2.5306	1.5658782736603898	n/a
19	E	16.407	0.0782	0.4081	5.7730741757670785	n/a
20	Q	19.238	-0.6294	-0.5278	3.932989796534984	n/a
21	A	13.588	-1.349	-1.2207	1.4166508554925066	n/a
22	E	22.857	0.3052	0.3227	5.260243906949989	n/a
23	R	13.922	-2.706	-2.5114	3.2958976366940678	n/a
24	Y	14.262	1.3521	0.9014	-2.9920832036822693	n/a
25	E	21.399	-0.1408	0.3031	5.593082706432704	n/a
26	D	11.516	1.4266	1.4593	5.496978450763687	n/a
27	M	10.096	-3.0591	-3.0608	-5.6751321013263185	n/a
28	A	9.124	-3.541	-3.7097	1.5850254136146424	n/a
29	A	9.948	-1.4391	-1.1739	1.8298201210860785	n/a
30	F	9.821	-2.7827	-2.4929	-11.815397724097693	n/a
31	M	9.68	-8.1854	-8.1972	-5.7748559209723895	n/a
32	K	11.919	0.6783	0.223	7.014898443062628	n/a
33	G	9.637	-0.2655	-1.4487	4.013087007241749	n/a
34	A	9.554	-2.0631	-1.5974	1.7883321910426395	n/a
35	V	10.739	-4.5477	-5.4829	-6.234363946118313	n/a
36	E	13.972	-0.8774	-1.6359	6.077833380252322	n/a
37	K	10.718	-2.1028	-2.3793	6.942986328806263	n/a
38	G	11.782	-0.2966	0.1285	4.350421639853924	n/a
39	E	19.213	-0.5496	-0.4147	6.420274853112471	n/a
40	E	13.978	1.8381	1.7304	6.884938030138109	n/a
41	L	12.793	-3.5819	-3.4923	-10.061610491259767	n/a
42	S	10.193	-0.3226	-0.3453	4.560572248777087	n/a
43	C	10.76	-0.5436	-0.8681	-2.8530551792071397	n/a
44	E	15.007	-0.4699	-0.5306	5.104589525310913	n/a
45	E	10.178	0.4595	0.4406	5.660470148592894	n/a
46	R	10.456	-2.7118	-3.0141	3.9248106855750633	n/a
47	N	12.052	0.496	0.4736	5.521540521628284	n/a
48	L	9.825	-5.2879	-5.1998	-9.533293904521075	n/a
49	L	9.996	-5.9367	-6.4088	-10.660080439276259	n/a
50	S	9.163	0.1628	-0.3566	5.262285536372258	n/a
51	V	10.799	-4.2212	-4.2162	-5.903344309535477	n/a
52	A	9.8	-2.5454	-2.5437	1.6515028376051377	n/a
53	Y	9.848	-0.7134	-1.6904	-3.2869658113966604	n/a
54	K	17.694	0.4026	0.1106	8.554460222066549	n/a
55	N	14.07	1.7219	1.7046	5.77110569578544	n/a
56	V	10.607	-5.8319	-5.41	-5.505893111870292	n/a
57	V	9.879	-6.3232	-6.3972	-5.6048128894055695	n/a
58	G	12.39	-0.2475	-0.2432	4.315623147862066	n/a
59	G	12.16	-0.579	-0.8556	3.4311101640700694	n/a
60	Q	12.336	0.2185	0.4779	5.198807678379688	n/a
61	R	10.336	-1.2005	-1.4061	4.121356860706723	n/a
62	A	12.102	-0.4615	-0.7025	1.5076868456691692	n/a
63	A	11.81	-2.5215	-3.0615	1.5579643366497509	n/a
64	W	11.441	-2.9983	-3.2011	-5.816326636441832	n/a
65	R	16.822	0.3963	0.2569	3.7926861415038324	n/a
66	V	13.277	-3.9884	-4.3396	-5.158446718435734	n/a
67	L	12.661	-4.2475	-5.5369	-11.44785592135396	n/a
68	S	13.468	0.2085	-0.3975	4.213896840900349	n/a
69	S	19.107	0.0887	0.034	4.684561286829972	n/a
70	I	17.03	-2.5926	-3.0681	-8.52003360643819	n/a
71	E	18.401	1.0186	0.9973	5.105242655170095	n/a
72	Q	33.997	-0.0407	-0.0719	4.10558207231702	n/a
73	K	31.345	-0.2006	-1.431	6.872339656788486	n/a
74	S	35.715	-0.1165	0.0605	5.087844873403523	n/a
75	N	44.531	-0.8041	-0.9634	3.932225644828948	n/a
76	E	44.663	0.386	0.2298	0.0	n/a
77	E	47.28	0.411	-0.6944	2.8089055429512597	n/a
78	G	47.19	0.0485	0.1533	4.136538178809552	n/a
79	S	41.62	-0.6817	-1.2133	4.6870602370877466	n/a
80	E	34.893	-0.1767	0.3802	6.0813751302805485	n/a
81	E	40.882	0.4003	0.3247	5.85351558202689	n/a
82	K	29.514	-1.9943	-3.1758	7.335043098232673	n/a
83	G	20.188	0.0883	0.6099	4.470808579689231	n/a
84	P	15.834	0.2186	-0.2271	4.591072345280246	n/a
85	E	13.943	0.1296	0.3064	6.099542866559611	n/a
86	V	15.447	-1.4202	-2.7049	-5.98620665787615	n/a
87	R	17.014	-2.2137	-2.454	3.310464506751606	n/a
88	E	13.4	0.0901	0.2936	5.4606021337843496	n/a
89	Y	11.277	-0.8158	-2.0881	-3.004088738418719	n/a
90	R	12.73	-2.749	-2.4913	3.1624034312293303	n/a
91	E	17.911	-1.0289	-0.7567	5.407917251533335	n/a
92	K	18.419	-2.563	-2.3744	6.848449796500745	n/a
93	V	11.761	-5.4454	-5.5975	-5.141192960912672	n/a
94	E	12.491	0.8906	1.2075	5.522975209658386	n/a
95	T	14.49	-3.0676	-2.7005	2.6775346853974042	n/a
96	E	15.858	-0.0337	-0.176	4.894863586951236	n/a
97	L	12.643	-6.4579	-7.7051	-10.228386747702583	n/a
98	Q	12.139	-0.0626	-0.3897	4.879081851564898	n/a
99	G	11.05	-1.8929	-1.7084	3.512541604615643	n/a
100	V	11.511	-6.4599	-6.9885	-4.660698562685603	n/a
101	C	10.217	-9.0137	-10.0727	-2.6954932938916905	n/a
102	D	14.629	-0.007	-0.3481	5.39059361051136	n/a
103	T	11.507	-1.9908	-2.1918	3.088023306962022	n/a
104	V	10.014	-8.2586	-9.1733	-5.192682896991767	n/a
105	L	10.374	-4.5221	-4.6263	-9.289959363168762	n/a
106	G	11.215	-1.8939	-1.4728	3.611181720922356	n/a
107	L	11.69	-6.5057	-6.6898	-9.98499829919622	n/a
108	L	10.428	-7.7981	-7.9254	-10.75234924045526	n/a
109	D	16.317	-1.4565	-0.5316	4.5022830417150255	n/a
110	S	15.715	-3.2486	-3.061	4.284752556880796	n/a
111	H	14.705	-1.3875	-1.9551	1.3073167115056477	n/a
112	L	11.322	-5.3894	-5.3662	-9.416534864642747	n/a
113	I	11.004	-5.303	-4.9947	-8.823110703073027	n/a
114	K	14.24	-2.2217	-2.4033	6.874923701088715	n/a
115	E	17.611	0.2998	0.5944	5.50177918411209	n/a
116	A	13.57	-2.2081	-2.2561	2.049623327611794	n/a
117	G	15.873	0.091	0.7553	3.390584558124996	n/a
118	D	13.939	0.203	0.3223	4.943368596464552	n/a
119	A	14.92	-2.1926	-3.0062	2.007619430560154	n/a
120	E	19.733	0.9896	0.3601	4.51910528969675	n/a
121	S	12.478	-1.1287	-1.2309	3.6791960138432986	n/a
122	R	14.751	-2.8228	-2.7694	3.086951619182269	n/a
123	V	10.381	-7.3711	-7.7935	-4.797356664758665	n/a
124	F	11.001	-4.1743	-4.5881	-9.70921675689418	n/a
125	Y	9.164	-4.4519	-2.0737	-3.351216624560996	n/a
126	L	10.022	-6.7553	-7.1344	-9.752642376797882	n/a
127	K	9.728	3.1525	2.7537	7.146539344085712	n/a
128	M	9.741	-4.0249	-3.3036	-5.531127604809482	n/a
129	K	11.259	0.5461	0.4466	6.405165935232509	n/a
130	G	7.85	-0.5707	-0.9043	3.8889394735100318	n/a
131	D	8.711	-0.3798	-1.1382	4.3352578413159675	n/a
132	Y	9.86	-3.5418	-4.68	-3.305929538782876	n/a
133	Y	11.062	-2.1046	-5.0145	-3.177474210165177	n/a
134	R	9.223	-1.6188	-0.982	3.8897823256669724	n/a
135	Y	9.361	-6.1511	-7.0851	-3.0429274079853807	n/a
136	L	10.55	-6.3142	-7.4069	-10.30078838600701	n/a
137	A	11.586	-5.723	-4.9986	1.4563915456684347	n/a
138	E	12.092	-1.5777	-1.2208	4.892322070455341	n/a
139	V	13.087	-4.9011	-5.9849	-5.682090479382492	n/a
140	A	15.26	-2.9426	-2.5968	1.8021793163805964	n/a
141	T	26.947	-1.0227	0.0702	2.513064687554812	n/a
142	G	29.352	-0.7672	0.0538	3.7143536715549614	n/a
143	D	28.306	-1.4122	-0.7335	4.697419004194109	n/a
144	D	30.295	-2.485	-2.1205	5.441203312679447	n/a
145	K	26.283	-1.5694	-0.8615	6.618992516621347	n/a
146	K	18.732	-1.826	-1.8441	6.687252708716546	n/a
147	R	18.266	-2.7239	-3.076	2.900471045851873	n/a
148	I	13.43	-5.3424	-6.3035	-8.718842778676557	n/a
149	I	12.046	-5.8833	-6.1769	-8.416410496228417	n/a
150	D	13.411	-2.5765	-3.151	5.480818814516337	n/a
151	S	11.468	-0.7211	-1.1581	5.056171435147976	n/a
152	A	9.752	-4.3497	-5.2726	1.7671424923973973	n/a
153	R	11.981	-1.0676	-1.4086	4.959143636181771	n/a
154	S	12.625	-0.1739	-0.4605	4.655868373336955	n/a
155	A	9.61	-1.8317	-2.2858	1.5550619320419365	n/a
156	Y	8.843	1.8841	0.9437	-2.9618631437348015	n/a
157	Q	12.331	-0.083	-0.5806	4.945610376779828	n/a
158	E	17.076	0.4742	0.0649	6.010176366632322	n/a
159	A	10.226	-5.1989	-5.1437	1.4071338315879147	n/a
160	M	13.194	-3.2185	-3.9367	-6.666430529037574	n/a
161	D	14.45	-0.3206	0.297	5.512604184290659	n/a
162	I	11.688	-5.332	-6.4594	-8.157475604327637	n/a
163	S	13.292	0.8209	0.9416	5.288812368967288	n/a
164	K	17.541	-1.1615	-1.6129	6.834347453571546	n/a
165	K	16.945	-1.07	-1.2188	6.259979220783646	n/a
166	E	19.913	-1.5654	-1.9186	5.830722112716857	n/a
167	M	14.614	-2.8205	-3.5896	-5.631529342076467	n/a
168	P	14.089	1.5489	0.8734	4.12162975420293	n/a
169	P	13.951	-0.1889	0.0824	4.137646937906538	n/a
170	T	12.217	-0.0824	-0.8239	3.172272544707934	n/a
171	N	12.956	0.4488	0.2266	5.423119574079357	n/a
172	P	10.973	2.0469	2.2568	4.153694745938765	n/a
173	I	13.349	-6.0934	-6.0086	-8.865152131662517	n/a
174	R	11.236	-1.2176	-2.4727	3.9153071041322214	n/a
175	L	10.412	-7.5085	-9.5994	-8.389756163435981	n/a
176	G	9.275	0.1663	0.1442	4.700956412864044	n/a
177	L	9.229	-8.6321	-10.3128	-11.74272867098745	n/a
178	A	9.114	-4.6524	-4.3238	1.6979638520271907	n/a
179	L	9.216	-8.5406	-9.811	-9.489339342732041	n/a
180	N	9.116	2.1578	2.102	5.695283881238227	n/a
181	F	9.415	-3.4555	-3.9708	-11.87343443840249	n/a
182	S	9.372	0.7861	0.784	4.997236061371017	n/a
183	V	8.741	-2.9136	-3.1298	-5.983787523983246	n/a
184	F	10.1	-5.7176	-6.2005	-9.431412228824277	n/a
185	H	10.241	-0.6162	-0.9153	1.7303734631731291	n/a
186	Y	12.958	0.7726	-1.5034	-3.520366381560818	n/a
187	E	14.586	0.4553	0.6983	6.439201362581223	n/a
188	I	12.404	-5.8194	-6.4744	-8.145084559592737	n/a
189	A	13.46	-1.57	-2.0265	2.1988121238605105	n/a
190	N	18.047	0.3626	0.126	4.654639440070792	n/a
191	S	11.495	-0.949	-1.0839	4.9147037785973176	n/a
192	P	11.056	1.144	0.5009	4.191926100791917	n/a
193	E	12.263	1.5672	0.7858	6.0106311542865924	n/a
194	E	10.848	1.7087	1.422	6.125658581066294	n/a
195	A	10.152	-2.1764	-2.6133	1.625966623982645	n/a
196	I	11.125	-3.5023	-4.3688	-9.193292086709825	n/a
197	S	10.812	1.2298	1.2106	4.524668438802433	n/a
198	L	10.678	-6.3396	-8.2135	-11.319054429201216	n/a
199	A	10.766	-6.31	-6.8292	1.52568608041101	n/a
200	K	19.347	0.3128	0.1695	7.392847386138208	n/a
201	T	12.893	-2.5377	-2.8856	2.9957830107033665	n/a
202	T	10.733	-2.2511	-2.8154	2.958006223650584	n/a
203	F	12.239	-5.4804	-5.7634	-14.55381608199509	n/a
204	D	15.361	1.4279	1.4766	6.2250526839894205	n/a
205	E	22.328	1.1472	0.4269	5.642625790962292	n/a
206	A	11.106	-4.0518	-4.8035	1.5704858091322829	n/a
207	M	15.47	-0.3579	-1.5951	-6.268267329674844	n/a
208	A	12.956	-0.1126	-0.2868	1.9745572840664456	n/a
209	D	14.614	3.9855	2.8072	6.3590035963838885	n/a
210	L	11.519	-2.8064	-3.5239	-10.928345576681869	n/a
211	H	14.296	1.4824	0.7895	1.566685178306096	n/a
212	T	12.917	0.5346	0.0516	2.6414073142638674	n/a
213	L	13.045	0.0892	-0.2915	-11.46906697969257	n/a
214	S	13.42	-0.0335	0.1952	4.544948935475639	n/a
215	E	25.909	0.4685	0.2925	6.248820986869484	n/a
216	D	21.144	0.2744	0.2506	5.347692362782458	n/a
217	S	13.843	-0.4592	0.2173	5.037574008803847	n/a
218	Y	16.061	1.6245	1.1048	-4.303955106884335	n/a
219	K	15.07	-2.0456	-1.0266	7.771576302487526	n/a
220	D	17.991	0.1422	-0.2404	6.582674787368839	n/a
221	S	12.173	0.5921	0.7129	4.302829251829221	n/a
222	T	13.363	-0.8838	-1.3065	3.7958827416365644	n/a
223	L	18.979	-1.5004	-2.6959	-12.463282548362114	n/a
224	I	15.02	-6.7138	-6.7975	-8.09613824638511	n/a
225	M	12.985	-3.9229	-6.6249	-6.834327867838762	n/a
226	Q	17.189	-0.5146	-0.538	5.361812007733796	n/a
227	L	11.727	-4.2002	-5.4638	-11.763096557294542	n/a
228	L	10.968	-8.3491	-8.893	-9.381279674179735	n/a
229	R	22.335	-1.8507	-2.3054	4.654329580356836	n/a
230	D	13.889	-1.2787	-1.8598	6.337194982335273	n/a
231	N	11.157	0.9244	1.1258	4.607701252940483	n/a
232	L	13.831	-4.745	-5.8745	-9.830871617773973	n/a
233	T	17.059	0.4918	-0.0586	3.159976843497792	n/a
234	L	17.08	-0.7136	-1.8094	-11.11433978444133	n/a
235	W	13.067	-0.7639	-3.8654	-3.297673987298331	n/a
236	T	21.933	-0.3257	-0.1324	1.7033025374835713	n/a
