AlnIndex	Residue	B_Factor	ExpFrust	AFFrust	EvolFrust	RMSF
1	M	n/a	n/a	n/a	0.0	n/a
2	A	30.588	-0.4606	-0.5455	0.0	n/a
3	S	23.797	0.1003	0.1323	0.0	n/a
4	R	25.136	1.7544	1.9748	0.0	n/a
5	I	20.335	-6.268	n/a	0.0	n/a
6	L	24.586	-1.9966	-5.1791	0.0	n/a
7	L	20.586	-6.2796	-1.5208	0.0	n/a
8	N	18.341	0.5982	0.2416	0.0	n/a
9	N	15.376	-1.0012	-1.1826	4.190136311699223	n/a
10	G	21.128	0.2189	0.8273	2.2744933956496904	n/a
11	A	18.828	-2.1343	-1.2015	1.5447662987739215	n/a
12	K	26.414	2.2073	2.599	6.677135965354577	n/a
13	M	15.273	-5.3277	-5.2318	-6.5519634730655865	n/a
14	P	14.777	3.1122	3.1414	4.471790085943835	n/a
15	I	14.648	-6.3147	-6.3704	-10.080707649992554	n/a
16	L	18.634	-6.9126	-6.4322	-12.290470732935965	n/a
17	G	13.265	0.3304	0.2408	4.377362001725918	n/a
18	L	14.769	-8.762	-8.3768	-13.030419627368246	n/a
19	G	13.723	-0.3107	0.049	3.2117243085656475	n/a
20	T	12.867	0.1698	0.2019	3.6518530526025788	n/a
21	W	13.191	-1.472	-0.8397	-6.795848729581274	n/a
22	K	15.518	0.1637	0.1466	9.337099994058846	n/a
23	S	13.847	0.2566	0.2935	5.876492347374671	n/a
24	P	15.369	0.6775	0.6901	4.566566152033063	n/a
25	P	18.236	0.3543	0.3288	4.898565903267665	n/a
26	G	18.023	0.3564	0.2409	4.038120062184924	n/a
27	Q	23.884	1.4517	1.3623	5.113210102777047	n/a
28	V	14.499	-6.0171	-5.9113	-6.905281664307639	n/a
29	T	14.944	-1.4805	-1.4922	3.925350679059145	n/a
30	E	20.97	-1.1106	-0.5794	7.206295427775211	n/a
31	A	14.796	-2.9811	-2.9805	1.9531154540472926	n/a
32	V	12.999	-9.9442	-9.9272	-7.192822008834762	n/a
33	K	18.103	-0.5172	-0.4546	9.384479534469536	n/a
34	V	14.07	-7.5947	-7.4903	-7.469497756796835	n/a
35	A	13.306	-3.3631	-3.5867	1.6303535687940989	n/a
36	I	13.832	-10.3189	-9.8461	-11.116848272935433	n/a
37	D	15.959	0.7748	0.6631	7.143511260477848	n/a
38	V	23.486	-6.487	-5.4525	-7.128289386899365	n/a
39	G	16.413	-0.3219	-0.2099	3.1591008253867106	n/a
40	Y	13.367	-7.7368	-7.1723	-4.13885405951329	n/a
41	R	18.91	0.3224	0.3539	5.000623542933729	n/a
42	H	12.745	0.1604	0.1621	2.4387866897990964	n/a
43	I	15.503	-10.801	-11.0717	-11.168578890162113	n/a
44	D	11.081	4.2093	3.8907	5.202414899603259	n/a
45	C	14.155	-6.1276	-5.9046	-3.9288005141016633	n/a
46	A	13.178	-0.3994	-0.3815	1.6508599797674306	n/a
47	H	14.493	-0.6811	-0.4843	2.1473705646897208	n/a
48	V	12.464	-3.8215	-3.4996	-6.498685064094747	n/a
49	Y	13.401	2.443	2.0735	-3.0529614183923943	n/a
50	Q	15.711	-0.0159	0.0606	4.88037614845586	n/a
51	N	12.459	2.1704	2.1321	5.985792673158525	n/a
52	E	13.299	1.7742	2.1232	5.9841340599139965	n/a
53	N	13.9	-0.5347	-0.5777	5.299328679704032	n/a
54	E	13.478	3.0006	2.9046	7.467698018780682	n/a
55	V	13.833	-8.995	-9.0827	-7.134591826083363	n/a
56	G	12.23	-0.1722	0.0961	4.072629976418164	n/a
57	V	13.174	-4.6658	-4.8242	-5.7975578446633	n/a
58	A	14.026	-4.0381	-4.0214	1.8518503156857438	n/a
59	I	14.596	-8.8574	-8.9813	-10.91295618425841	n/a
60	Q	21.406	1.0732	1.1321	5.277703771104801	n/a
61	E	25.879	-2.1152	-2.1296	0.0	n/a
62	K	15.692	-0.3007	-0.2125	0.0	n/a
63	L	18.525	-2.5184	-2.266	0.0	n/a
64	R	34.683	-0.362	-0.4018	0.0	n/a
65	E	26.037	-1.419	-1.8453	0.0	n/a
66	Q	26.519	-0.067	0.0848	0.0	n/a
67	V	16.497	-1.3961	-1.4245	-3.737583842596546	n/a
68	V	20.904	-3.567	-3.5848	-6.676927533102858	n/a
69	K	31.114	-0.226	-0.2717	9.067264837759467	n/a
70	R	15.726	-2.6451	-2.642	4.3451517638172845	n/a
71	E	26.623	-2.2843	-0.9933	6.170358492046872	n/a
72	E	21.691	-0.194	-1.1996	6.209850296427559	n/a
73	L	14.89	-4.0238	-4.449	-14.177932643412843	n/a
74	F	13.226	-4.6613	-4.6652	-13.795684501484246	n/a
75	I	14.464	-8.7572	-9.2733	-10.444389007513397	n/a
76	V	13.413	-7.0007	-7.5875	-7.065777305891778	n/a
77	S	13.327	1.8722	1.5314	5.776390301994597	n/a
78	K	15.884	2.4293	2.4437	6.731613468191881	n/a
79	L	14.039	-9.7949	-10.186	-14.299720281866843	n/a
80	W	13.195	-3.2545	-3.3122	-6.750584129517967	n/a
81	C	12.855	-6.8008	-6.7555	-4.340450159204537	n/a
82	T	13.184	1.0172	1.4074	3.658931423755324	n/a
83	Y	14.979	-1.1339	-0.181	-3.9953165439121077	n/a
84	H	17.009	-1.1594	-1.2694	2.08543508843432	n/a
85	E	34.906	0.8972	0.861	7.085753246701451	n/a
86	K	42.623	-2.6163	-2.44	8.563375939369578	n/a
87	G	21.035	0.7067	0.5869	4.0180132053634035	n/a
88	L	17.3	-2.4328	-2.4183	-12.408041704841493	n/a
89	V	16.253	-6.2667	-6.5	-7.254292907724185	n/a
90	K	20.934	-1.0972	-0.4766	9.52421696570096	n/a
91	G	15.59	-0.8528	-0.8913	4.317332157999724	n/a
92	A	13.31	-1.9308	-2.3055	2.1609409286724928	n/a
93	C	14.882	-8.6899	-8.9477	-4.924489071179467	n/a
94	Q	18.084	0.467	0.3389	5.676921653828303	n/a
95	K	16.479	-0.0952	0.1079	8.591472425930197	n/a
96	T	14.416	-1.2456	-1.4089	3.4486667399973587	n/a
97	L	15.117	-3.7549	-4.7179	-11.807584024858539	n/a
98	S	20.083	0.287	0.2857	5.11969797841278	n/a
99	D	16.468	-0.1409	-0.2529	6.090134209726521	n/a
100	L	15.498	-6.7964	-7.1686	-11.340929456215402	n/a
101	K	20.867	-0.3944	-0.4503	8.750646704308158	n/a
102	L	20.226	-3.4163	-3.9138	-13.895353864338631	n/a
103	D	21.991	-0.93	-1.2925	6.3463564370608285	n/a
104	Y	15.824	-4.6735	-5.0201	-4.445298336316132	n/a
105	L	17.94	-8.4717	-11.6406	-13.661073182326307	n/a
106	D	13.846	3.2071	2.7333	5.354927963126532	n/a
107	L	13.855	-6.0589	-6.096	-12.061807891180155	n/a
108	Y	13.956	-7.49	-7.5464	-4.186296234696161	n/a
109	L	14.162	-7.0182	-7.1774	-14.452991185707464	n/a
110	I	12.054	-7.8853	-7.9856	-11.00423455728347	n/a
111	H	14.023	-0.0474	0.2394	1.6866943935059633	n/a
112	W	13.105	-1.0128	-2.5945	-6.5948259631077235	n/a
113	P	15.1	2.6255	2.4216	5.02983091010638	n/a
114	T	14.976	0.8497	0.6822	3.8536053499331406	n/a
115	G	14.225	0.3858	0.2118	4.169765419682143	n/a
116	F	17.038	-4.9116	-4.9618	0.0	n/a
117	K	24.774	0.1292	0.3322	0.0	n/a
118	P	17.726	2.511	2.5572	0.0	n/a
119	G	15.395	-0.0804	0.0143	0.0	n/a
120	K	27.654	0.3958	0.4843	0.0	n/a
121	E	22.406	0.586	0.4915	0.0	n/a
122	F	15.303	-4.135	-4.083	0.0	n/a
123	F	15.599	-4.0921	-5.2248	0.0	n/a
124	P	15.511	2.0966	1.6072	0.0	n/a
125	L	19.031	-0.9936	-1.7819	0.0	n/a
126	D	21.155	1.3793	1.4393	0.0	n/a
127	E	41.854	0.7757	0.3703	0.0	n/a
128	S	25.387	-0.3283	-0.566	0.0	n/a
129	G	21.97	-0.5733	-1.4309	0.0	n/a
130	N	27.244	0.4541	-0.0361	0.0	n/a
131	V	18.544	-3.1179	-3.8605	0.0	n/a
132	V	14.946	-1.5012	-1.8069	0.0	n/a
133	P	15.27	1.3063	-0.3661	0.0	n/a
134	S	19.102	0.0209	0.1481	0.0	n/a
135	D	25.484	0.5746	0.719	4.454891329478965	n/a
136	T	27.649	-1.7092	-1.5405	3.2351773146538827	n/a
137	N	32.639	2.0485	1.8373	5.993653948519079	n/a
138	I	34.634	-5.5131	-5.4104	-11.097345475813798	n/a
139	L	23.766	-1.4587	-1.697	-12.469556286020275	n/a
140	D	19.377	0.3687	0.7772	6.268425562557863	n/a
141	T	17.059	-1.2105	-0.8807	4.144366194132114	n/a
142	W	13.781	-0.1671	-0.3118	-7.057497323093733	n/a
143	A	17.094	-0.0453	-0.3762	2.4679416704092496	n/a
144	A	16.554	-1.1693	-0.9471	2.264066759658506	n/a
145	M	15.223	-7.4871	-7.7597	-7.3548225146859485	n/a
146	E	15.036	1.5225	0.9627	7.146603562936195	n/a
147	E	25.241	0.4371	0.2161	6.668685202542531	n/a
148	L	16.47	-7.401	-8.1035	-14.226215297985881	n/a
149	V	15.713	-4.6168	-4.7911	-7.038610435229394	n/a
150	D	17.131	1.0577	0.8009	6.5462486937178594	n/a
151	E	23.126	-0.3977	-0.5059	7.000273161488143	n/a
152	G	18.095	-1.034	-0.704	3.4189780870731643	n/a
153	L	19.889	-4.4768	-4.604	-13.119168797542443	n/a
154	V	14.326	-7.3217	-7.8944	-7.7488410434418356	n/a
155	K	23.178	1.8273	1.3272	8.608454396225673	n/a
156	A	14.95	-6.0822	-4.9947	1.6727607435218008	n/a
157	I	14.87	-10.9876	-12.155	-11.349592594839315	n/a
158	G	12.647	0.7081	0.8561	3.4592318510117126	n/a
159	I	13.343	-8.3476	-8.4771	-10.624440621031681	n/a
160	S	13.205	1.164	1.3294	4.903579568998195	n/a
161	N	14.492	3.532	3.2792	6.0401221101808344	n/a
162	F	14.282	-6.6923	-6.4308	-13.42850595429469	n/a
163	N	15.541	3.0801	3.2195	6.5071188900819115	n/a
164	H	26.733	-0.5429	-1.2594	2.0463105573083724	n/a
165	L	25.852	-0.8106	-1.2349	-11.445537212839147	n/a
166	Q	18.278	1.4603	1.7697	5.830091192756778	n/a
167	V	17.811	-5.1184	-5.1868	-7.047121666227021	n/a
168	E	26.402	2.1703	2.1957	6.467128987062241	n/a
169	M	41.311	-0.7253	-1.242	-6.768333848743455	n/a
170	I	22.111	-5.9958	-6.0766	-10.569211115563864	n/a
171	L	20.446	-0.0238	0.0021	-13.708109750835487	n/a
172	N	25.443	0.4278	0.3332	5.815880702826473	n/a
173	K	20.893	1.9258	1.5132	9.429867954763889	n/a
174	P	25.13	0.2143	0.173	0.0	n/a
175	G	17.77	1.272	0.9877	0.0	n/a
176	L	15.256	-0.541	-0.7045	0.0	n/a
177	K	16.116	0.7751	0.3674	5.144753282004187	n/a
178	Y	15.904	-3.1334	-3.3424	-4.134985314776115	n/a
179	K	23.079	0.8618	0.3238	9.364254566278282	n/a
180	P	18.989	2.7845	2.996	5.482930372433034	n/a
181	A	13.24	-3.7454	-3.3771	1.7471818136798567	n/a
182	V	13.087	-9.8826	-9.2817	-7.583755312788789	n/a
183	N	13.272	5.556	5.8848	7.4543524677689055	n/a
184	Q	12.122	0.699	0.6845	4.446724159571204	n/a
185	I	15.765	-6.3064	-6.4379	-11.46552343921832	n/a
186	E	14.29	3.7249	4.0696	7.305869771363632	n/a
187	C	13.703	-5.8596	-6.6971	-4.628149037591883	n/a
188	H	14.145	-1.1575	-1.1282	1.7575166284322652	n/a
189	P	14.757	1.4483	2.6546	4.879061725257639	n/a
190	Y	16.093	-4.1992	-4.3224	-4.048935933161494	n/a
191	L	15.117	-3.1573	-2.9445	-12.253311138470316	n/a
192	T	15.561	-0.7361	-1.0223	3.8454326323181274	n/a
193	Q	16.688	0.6211	0.4831	5.182370993773834	n/a
194	E	22.594	-1.3644	-1.3659	6.252077950260723	n/a
195	K	32.812	-0.4114	-0.5481	7.764840169425281	n/a
196	L	18.075	-4.0553	-4.1223	-12.641141721082214	n/a
197	I	16.392	-4.0397	-4.1285	-10.576728117514449	n/a
198	Q	25.686	0.435	0.4225	5.153116803775663	n/a
199	Y	23.265	0.5947	0.8563	-4.495649447927821	n/a
200	C	16.045	-7.1536	-6.9662	-4.675236167496941	n/a
201	Q	18.571	0.6136	0.7733	5.150548603349858	n/a
202	S	22.147	-1.197	-0.7044	5.3598030072882565	n/a
203	K	21.084	3.1695	3.2115	9.509532073609487	n/a
204	G	17.645	-0.3209	0.1653	3.792014759631672	n/a
205	I	16.509	-4.3808	-3.5043	-10.384640097461741	n/a
206	V	14.216	-8.1768	-6.8951	-7.611701385201837	n/a
207	V	14.71	-7.7909	-7.8831	-7.846193772099899	n/a
208	T	11.803	-0.6602	-0.5146	3.9838310235862466	n/a
209	A	13.458	-1.3679	-1.6746	1.729778898229956	n/a
210	Y	12.759	-2.0949	-2.0211	-3.720915355346781	n/a
211	S	11.977	0.4679	0.2647	5.849800266942949	n/a
212	P	14.89	4.4531	4.5101	4.45477890029595	n/a
213	L	15.946	-4.1629	-4.0533	-11.61335299613017	n/a
214	G	18.4	0.8238	0.8276	4.467131080957499	n/a
215	S	17.53	0.0381	0.0787	5.943374529606636	n/a
216	P	18.399	1.3866	1.181	4.624573901244802	n/a
217	D	16.218	-2.0084	-1.9569	4.671645508586631	n/a
218	R	22.327	-1.0057	-0.9276	0.0	n/a
219	P	23.587	-0.2595	-0.219	0.0	n/a
220	W	18.736	-1.165	-1.6347	0.0	n/a
221	A	23.56	0.6371	0.7168	0.0	n/a
222	K	39.557	0.297	0.2617	0.0	n/a
223	P	45.693	1.0155	1.0155	0.0	n/a
224	E	46.037	0.522	0.441	3.4484620778909725	n/a
225	D	33.831	0.2421	0.1877	3.372250591902086	n/a
226	P	30.65	0.5558	0.0902	2.856271843750021	n/a
227	S	19.192	0.9186	0.7556	5.275252710023516	n/a
228	L	16.355	-3.9764	-3.7643	-12.620837167750324	n/a
229	L	24.3	-4.3937	-4.9431	-12.244284933671583	n/a
230	E	31.803	0.5008	0.3829	6.96884481566995	n/a
231	D	18.892	-0.4555	-0.2496	6.735934944878217	n/a
232	P	18.684	0.8715	0.7753	4.803592003403226	n/a
233	R	18.325	0.3271	0.5769	5.1093820472449	n/a
234	I	16.586	-6.6967	-7.0649	-10.182125960498047	n/a
235	K	34.622	1.5349	1.5043	8.780966096362112	n/a
236	A	18.66	-1.0856	-1.273	2.3684543980064423	n/a
237	I	17.955	-4.4033	-4.6435	-10.383747831971073	n/a
238	A	18.206	-2.9885	-3.4817	1.7899138839549873	n/a
239	A	21.006	-0.0832	-0.1021	2.233346420386289	n/a
240	K	21.327	0.2831	0.165	8.988238067926767	n/a
241	H	19.268	-0.8814	-1.0394	2.079239005873636	n/a
242	N	28.145	-0.3742	-0.5602	5.102619878228659	n/a
243	K	20.252	1.0375	0.5866	10.248344761094742	n/a
244	T	17.579	-2.3854	-2.4498	3.2690510337154497	n/a
245	T	20.6	-1.2251	-1.3566	3.811590716338646	n/a
246	A	14.988	-4.5815	-5.1821	2.0036483423946745	n/a
247	Q	15.329	0.3731	0.2779	5.089694597529831	n/a
248	V	13.406	-6.3624	-6.2044	-6.967510267997281	n/a
249	L	14.041	-7.8289	-8.0637	-13.54628230030075	n/a
250	I	15.749	-8.4353	-7.7046	-9.77143985538542	n/a
251	R	16.305	-0.6348	-0.7604	5.227544236065138	n/a
252	F	13.941	-5.6426	-6.0217	-11.080140294977403	n/a
253	P	13.346	0.2728	0.0967	5.626843006306516	n/a
254	M	16.864	-5.3114	-5.8518	-7.267989640322532	n/a
255	Q	15.476	0.1514	0.0585	5.40103862242435	n/a
256	R	16.572	-1.5153	-1.701	5.774122669455664	n/a
257	N	24.204	-1.5526	-1.3819	6.297704032468286	n/a
258	L	15.89	-4.9564	-5.4444	-13.692848968767281	n/a
259	V	13.193	-8.2477	-8.3654	-7.527361241013798	n/a
260	V	13.911	-7.3351	-8.0509	-7.79930573906234	n/a
261	I	13.538	-6.2803	-5.5759	-9.905895079134792	n/a
262	P	12.323	2.6658	2.6035	5.15622207089626	n/a
263	K	13.804	1.7677	1.7441	8.966413655926317	n/a
264	S	13.072	0.4719	0.5422	5.763058487342804	n/a
265	V	17.856	-2.8021	-2.7142	-6.01220171088708	n/a
266	T	15.111	-1.1929	-1.7044	3.356665642512637	n/a
267	P	16.284	-0.0593	0.0662	5.484261862611531	n/a
268	E	27.69	-0.899	-0.9045	6.374735729237679	n/a
269	R	16.609	-0.8241	-1.0757	4.865942140501901	n/a
270	I	13.869	-7.1602	-6.9274	-10.964226268133979	n/a
271	A	15.614	-0.6898	-0.6465	2.19041147765773	n/a
272	E	19.312	-1.3362	-1.4783	6.2967216973020665	n/a
273	N	15.649	2.0285	2.1068	6.326735935761606	n/a
274	F	16.847	-6.9475	-6.5669	-13.168174649399134	n/a
275	K	29.008	0.3476	0.5469	8.534948584261727	n/a
276	V	17.614	-6.3035	-6.3976	-6.737397318872929	n/a
277	F	20.832	-2.2647	-2.2596	-12.542630912107382	n/a
278	D	30.366	0.5844	0.311	6.087958555110474	n/a
279	F	18.759	-0.2813	-0.5444	-12.56434634445735	n/a
280	E	25.398	0.7908	0.7073	6.382949092399485	n/a
281	L	14.665	-3.6386	-4.7176	-11.272963050678825	n/a
282	S	14.17	-0.0523	0.0399	5.232382570576575	n/a
283	S	18.967	-0.1835	-0.2742	4.937539440435988	n/a
284	Q	17.132	-0.4216	-0.5852	4.677829576644375	n/a
285	D	15.894	-0.4557	-0.6849	6.56939335275748	n/a
286	M	15.249	-2.0975	-1.8678	-6.648911193844397	n/a
287	T	12.786	-0.727	-0.754	3.0099098249678193	n/a
288	T	12.587	-0.8163	-0.938	3.6451498664887607	n/a
289	L	17.325	-4.7388	-4.9819	-12.140740703675132	n/a
290	L	13.985	-1.5018	-1.0455	-11.766017515738895	n/a
291	S	15.838	0.5923	0.8999	4.3294440853922564	n/a
292	Y	16.949	1.3753	1.3045	-2.699698240442989	n/a
293	N	14.824	0.2803	0.5093	0.0	n/a
294	R	43.195	-0.1797	-0.0727	0.0	n/a
295	N	23.084	-0.0611	-0.8036	0.0	n/a
296	W	26.271	-0.9024	-1.7558	0.0	n/a
297	R	21.329	-0.4423	0.1379	0.0	n/a
298	V	25.683	-3.591	-3.5589	0.0	n/a
299	C	16.688	-4.3858	-3.6397	0.0	n/a
300	A	16.96	-2.167	-1.3969	0.0	n/a
301	L	18.84	-2.4515	-4.3535	0.0	n/a
302	L	22.814	-2.8513	-2.142	0.0	n/a
303	R	36.88	-1.7889	n/a	0.0	n/a
304	D	27.602	1.0757	n/a	0.0	n/a
305	T	21.421	-1.2287	-0.9471	0.0	n/a
306	S	29.532	-0.1697	-0.9208	0.0	n/a
307	H	18.891	-0.1305	-1.0031	0.0	n/a
308	K	32.153	0.6564	-0.1578	0.0	n/a
309	D	21.981	1.7377	1.2909	0.0	n/a
310	Y	17.313	3.4676	2.1079	0.0	n/a
311	P	15.873	2.2944	2.1675	0.0	n/a
312	F	17.695	-0.5923	-0.4306	0.0	n/a
313	H	27.949	1.2722	0.9624	0.0	n/a
314	E	44.071	3.5481	2.9866	0.0	n/a
315	E	58.84	0.4266	0.4142	0.0	n/a
316	F	30.624	0.5493	0.6128	0.0	n/a
