AlnIndex	Residue	B_Factor	ExpFrust	AFFrust	EvolFrust
1	A	25.419	1.7702	n/a	0.0
2	N	14.786	2.2942	1.738	0.0
3	P	15.473	3.8304	3.566	0.0
4	L	16.068	-3.9369	-3.6166	0.0
5	V	12.696	-9.8134	-9.4236	0.0
6	Y	16.843	-6.1356	-6.1524	0.0
7	L	13.151	-10.0926	-8.5699	0.0
8	D	16.977	1.3623	1.5961	0.0
9	V	17.199	-10.2248	-9.5359	0.0
10	D	21.292	1.2141	1.6075	0.0
11	A	22.599	-2.4226	-2.3004	1.4141014416034428
12	N	28.799	0.555	0.6646	6.347771088339055
13	G	30.631	0.196	0.2964	3.519965559034673
14	K	53.81	1.4424	1.5498	7.9556816807954585
15	P	30.728	0.9059	1.417	4.156804561428939
16	L	20.789	-5.5867	-5.3925	-12.308082540408279
17	G	17.464	-0.4749	-0.1544	3.3019522463646953
18	R	15.995	-3.2265	-3.1446	4.934279173643697
19	V	13.648	-12.9468	-12.1145	-6.758034706069123
20	V	14.558	-8.7981	-6.5023	-5.800295676132225
21	L	13.166	-11.7398	-11.0091	-12.28864453187505
22	E	13.589	3.8644	3.4319	6.170100260202951
23	L	11.049	-6.0769	-6.1749	-10.159551653001808
24	K	18.037	4.5806	4.0536	8.885414871762734
25	A	11.381	-0.4315	-1.1253	1.9614838793431773
26	D	14.246	0.9229	0.763	4.773407343874899
27	V	13.464	-2.2832	-2.4223	-5.508782200640972
28	V	10.224	-4.8347	-5.5807	-5.583432065724166
29	P	9.465	2.3413	2.2613	3.231267129329892
30	K	10.981	0.5117	0.4859	7.304007215100287
31	T	8.721	0.1116	-0.0354	3.361834835650813
32	A	9.152	-1.4624	-1.6886	1.5813748203737952
33	E	10.252	1.1842	1.0487	5.5555309051814294
34	N	9.164	3.0568	2.8976	5.412883037510902
35	F	9.881	-8.1082	-8.9018	-9.664143728309336
36	R	11.722	1.5927	1.8903	4.27800439080238
37	A	10.895	-1.8622	-1.9981	2.3458800152007875
38	L	11.305	-3.7021	-4.0744	-9.97719734634108
39	C	11.955	-5.2034	-4.9622	-3.0625565759258184
40	T	15.064	-1.0476	-0.3652	0.0
41	G	14.861	-1.2754	-1.0317	0.0
42	E	24.879	-0.1538	0.164	5.084727487208248
43	K	15.031	0.8881	0.7079	7.919055759760891
44	G	17.443	-0.4632	0.7555	3.328756823189343
45	F	16.546	-0.9306	-1.6177	-10.84978771803302
46	G	14.033	0.2579	1.0813	0.0
47	Y	11.453	-6.6499	-6.8839	-2.8422541082907893
48	K	26.621	0.8542	2.6423	7.053224423121324
49	G	20.77	-1.6668	-1.6987	2.9926006753844616
50	S	22.629	-0.5109	-0.0233	4.86885079788524
51	T	17.584	-0.6169	-0.5409	2.9351165059114535
52	F	13.509	-7.7177	-6.7662	-9.7527012770878
53	H	14.166	-0.0397	-0.0826	1.4812271484467816
54	R	14.803	-0.3524	-0.4909	4.099729397291747
55	V	13.905	-7.352	-7.5659	-5.3769238803264505
56	I	15.545	-2.3337	-2.5747	-7.960138144977057
57	P	17.614	0.5549	-0.3146	4.099438602203152
58	S	18.238	0.5462	0.577	4.360657825010764
59	F	13.249	-3.6063	-4.3309	-10.442314126670274
60	M	12.609	-4.9148	-4.4968	-6.675563185865042
61	C	11.413	-11.3366	-11.2084	-3.914681248815417
62	Q	11.108	1.2669	0.9501	4.2270331754462065
63	A	11.778	-3.5078	-3.3092	1.4983986427995732
64	G	13.94	-0.3685	-0.3819	2.8076871074744614
65	D	14.704	0.2118	0.0952	5.66067769839431
66	F	19.299	-2.3089	-2.6327	-10.41242149862356
67	T	25.405	0.2636	-0.1247	2.7190067808952265
68	N	22.359	-0.4828	-0.5557	4.86119124961557
69	H	23.473	-1.0414	-1.8914	0.0
70	N	18.552	-0.8302	-0.7941	4.525478648356774
71	G	13.861	0.5636	0.3136	3.122028168146974
72	T	16.791	0.0656	-0.7226	2.6053167657604788
73	G	15.24	0.2549	-0.0228	3.110730854230221
74	G	16.58	-0.0971	0.0058	3.266319154013421
75	K	19.926	3.6185	3.3723	8.011352686648863
76	S	11.743	1.2233	0.4367	0.0
77	I	13.042	-2.7365	-2.8663	0.0
78	Y	12.951	3.3819	3.501	0.0
79	G	16.15	0.086	-0.1337	3.5218972884705586
80	S	19.199	0.9365	0.735	4.550576846980161
81	R	37.496	1.9987	1.7428	4.071172546188659
82	F	11.506	0.6736	0.3828	-10.388975401429578
83	P	13.786	1.4811	1.7827	4.233802972067092
84	D	11.152	0.9236	2.8162	6.042194824527566
85	E	9.869	2.1416	2.1669	5.801114630734877
86	N	10.169	0.6004	0.6144	5.946191729563009
87	F	12.036	-0.7848	-0.0092	-11.063001960342358
88	T	11.498	0.3136	0.2306	2.8967546712484293
89	L	11.488	-3.729	-3.6984	-11.770829272352307
90	K	11.654	0.4657	0.4139	8.19009994569927
91	H	9.345	-1.5352	-1.7488	1.9223021041326007
92	V	11.737	-2.2226	-2.2781	-6.087338286927182
93	G	10.959	-0.09	-0.1097	3.390340342497187
94	P	13.447	0.5259	0.7781	4.575145452612464
95	G	10.727	-1.9611	-2.0962	3.308046187207753
96	V	10.258	-6.1991	-5.8959	-6.515690411558042
97	L	9.489	-10.8507	-10.3718	-11.355692588149097
98	S	8.537	0.5697	0.9523	5.204816243871224
99	M	10.278	-3.5146	-3.9148	-5.511279119141746
100	A	10.067	-0.2868	-0.3572	1.5856638485960814
101	N	10.784	1.0983	1.1629	5.169246227981483
102	A	12.91	1.2976	0.8254	1.8179571320716412
103	G	13.149	0.567	0.9621	2.9874967661226517
104	P	15.597	0.838	1.5845	3.955424163684328
105	N	14.219	0.6354	0.8813	4.656365576023553
106	T	12.636	0.8028	0.6042	2.70732339397602
107	N	10.274	2.0563	2.1062	5.689878748978045
108	G	10.47	0.2727	-0.1575	3.41893651430642
109	S	10.484	1.0573	0.9669	4.395304296526116
110	Q	10.709	2.5019	2.3542	4.320204506510197
111	F	9.901	-7.562	-8.3071	-9.077385879805218
112	F	9.143	-6.7914	-6.6564	-10.306587487297149
113	I	11.315	-12.307	-11.9554	-8.672116560633066
114	C	9.949	-9.6834	-9.4887	-4.028030451192176
115	T	13.632	-0.5447	-0.5654	3.727525739929804
116	I	22.725	-2.6263	-1.9389	-7.995695532335396
117	K	15.267	1.289	1.2367	7.273579986629449
118	T	11.966	0.1188	-0.053	3.553698507842048
119	D	14.85	-0.3734	-0.415	4.558836761446066
120	W	16.194	1.9588	1.8656	-5.287814926960771
121	L	11.525	-3.2008	-3.3038	-8.980993017497632
122	D	12.44	-0.1271	-0.0677	5.200383479633023
123	G	12.47	-0.3536	-0.3268	3.48024377991194
124	K	30.066	0.7938	1.8122	7.223837529152637
125	H	9.765	-1.5269	-1.8571	1.4801796202692266
126	V	9.326	-3.7224	-3.3065	-4.989863438449303
127	V	9.014	-6.4374	-6.488	-5.849007061789435
128	F	8.682	-8.7265	-9.0742	-10.044267057429543
129	G	9.076	0.3145	0.0659	3.0790331314068036
130	H	13.237	-1.1148	-1.0449	1.8711767611872394
131	V	13.423	-9.8424	-9.1705	-5.7467969561485965
132	I	19.327	-4.6122	n/a	-7.9460125858007045
133	E	17.743	-2.8912	-2.0121	5.855938554282303
134	G	16.52	-1.9707	-1.7583	3.520682988801821
135	M	17.091	-5.465	-4.5108	-5.860315860714608
136	D	27.685	-0.5691	-0.742	5.188439632527948
137	V	18.149	-7.0537	-6.6231	-5.337995520078135
138	V	14.822	-9.9815	-9.1236	-6.066679254352063
139	K	19.808	0.2685	0.1349	8.138992470757916
140	K	33.593	1.7767	1.8434	7.399870672680352
141	I	16.187	-10.8375	-10.6442	-8.180138565189473
142	E	16.268	0.7648	0.6889	6.538104074512041
143	S	19.276	-0.5141	-0.5941	4.328292819271526
144	F	23.102	-3.0466	-3.1748	-11.210672755192036
145	G	20.973	-1.4666	-1.4982	3.3483419437226005
146	S	19.462	-0.9404	-1.0166	4.148845165699162
147	K	37.905	0.7963	0.7594	6.6126181845876255
148	S	25.352	-0.1424	-0.2416	3.1146720063529996
149	G	17.559	-1.1847	-0.7109	2.6574641008024913
150	R	20.327	0.1915	0.026	3.907847794834987
151	T	22.313	-1.6593	-1.6875	1.9756490468728796
152	S	33.175	-0.8573	-0.6426	3.5488332551137773
153	K	37.996	1.685	1.7654	6.645253145409242
154	K	41.536	1.6777	1.8828	6.6968907409893506
155	I	20.068	-7.4877	-7.4053	-6.926848270352438
156	V	20.902	-3.0738	-2.8361	-3.796651994124168
157	I	15.669	-8.1426	-7.5352	-4.514949490426477
158	T	21.201	-1.4776	-1.1884	0.0
159	D	22.97	-1.9523	-1.4874	0.0
160	C	14.209	-9.0802	-8.9614	0.0
161	G	13.676	-0.7731	-0.4395	0.0
162	Q	15.06	0.775	0.8003	0.0
163	L	18.525	-5.4016	-4.3469	0.0
164	S	n/a	n/a	n/a	0.0
