AlnIndex	Residue	B_Factor	ExpFrust	AFFrust	EvolFrust	RMSF
1	M	55.927	-0.5441	-0.6339	0.0	n/a
2	Q	55.911	-0.346	-0.4692	0.0	n/a
3	S	49.677	0.47	1.3566	0.0	n/a
4	L	45.93	-6.1686	-6.4504	0.0	n/a
5	T	44.6	-0.8186	-0.4394	0.0	n/a
6	T	45.886	-1.8848	-2.152	0.0	n/a
7	A	42.812	-5.4196	-2.4658	0.0	n/a
8	L	41.293	-8.3224	-8.514	0.0	n/a
9	E	50.011	-1.1057	-1.0305	0.0	n/a
10	N	45.381	-0.0472	0.649	0.0	n/a
11	L	41.642	-10.281	-9.0901	0.0	n/a
12	L	34.972	-3.8935	-3.4444	0.0	n/a
13	R	44.883	-1.2313	-0.831	0.0	n/a
14	H	45.852	-0.1286	0.1381	0.0	n/a
15	L	39.282	-10.3033	-10.3478	0.0	n/a
16	S	43.878	0.6594	1.084	0.0	n/a
17	Q	52.329	-0.9284	-0.8498	0.0	n/a
18	E	57.706	1.494	1.7633	0.0	n/a
19	I	55.442	-3.6211	-3.5618	0.0	n/a
20	P	56.437	1.7306	1.9816	0.0	n/a
21	A	57.858	0.433	0.6959	0.0	n/a
22	T	60.316	-0.2999	0.0001	0.0	n/a
23	P	57.98	2.3628	1.7537	0.0	n/a
24	G	51.727	0.3426	0.2724	0.0	n/a
25	I	51.126	-2.4879	-6.7484	0.0	n/a
26	R	51.397	-0.4427	-0.4405	0.0	n/a
27	V	48.754	-4.7657	-5.6656	0.0	n/a
28	I	45.616	-5.733	-5.6108	0.0	n/a
29	D	45.999	-0.3286	-0.0174	0.0	n/a
30	I	46.425	-7.0088	-5.7407	0.0	n/a
31	P	50.476	0.4269	2.152	0.0	n/a
32	F	49.962	-5.2454	-3.8868	0.0	n/a
33	P	57.573	0.9021	2.229	0.0	n/a
34	L	65.396	-1.1446	-0.6476	0.0	n/a
35	K	69.119	1.0475	0.9013	0.0	n/a
36	D	69.194	0.1842	-0.2389	0.0	n/a
37	A	64.268	1.1368	1.34	0.0	n/a
38	F	54.603	-3.1081	-1.5857	0.0	n/a
39	D	49.999	1.8265	1.3181	0.0	n/a
40	A	44.062	-2.6341	-4.1127	0.0	n/a
41	L	42.156	-7.3966	-7.2539	0.0	n/a
42	S	43.267	0.5392	1.3961	0.0	n/a
43	W	46.051	-2.4774	-1.6331	0.0	n/a
44	L	42.365	-9.9353	-8.5089	0.0	n/a
45	A	44.58	-1.7187	-1.8225	0.0	n/a
46	S	44.057	0.0623	0.3102	0.0	n/a
47	Q	44.417	0.6371	1.1839	0.0	n/a
48	Q	55.227	0.2486	-0.2637	0.0	n/a
49	T	49.71	-0.598	-0.2631	0.0	n/a
50	Y	44.831	-0.8756	-0.2735	0.0	n/a
51	P	41.499	2.351	2.308	0.0	n/a
52	Q	37.554	2.6342	2.7388	0.0	n/a
53	F	32.09	-9.0066	-9.2273	0.0	n/a
54	Y	33.818	-2.8356	-2.1842	0.0	n/a
55	W	34.513	-0.3987	-0.2605	0.0	n/a
56	Q	35.528	1.703	1.5069	0.0	n/a
57	Q	34.699	-0.8029	-1.1608	0.0	n/a
58	R	34.103	0.9345	0.4885	0.0	n/a
59	N	46.15	-0.2583	-0.4598	0.0	n/a
60	G	44.003	0.9645	0.7267	0.0	n/a
61	D	47.461	-0.3237	-0.2532	0.0	n/a
62	E	40.968	0.3897	0.211	0.0	n/a
63	E	33.528	1.0859	1.1608	0.0	n/a
64	A	33.116	-1.2242	-0.9652	0.0	n/a
65	V	37.506	-7.0958	-6.9734	0.0	n/a
66	V	35.666	-8.0633	-7.6395	0.0	n/a
67	L	38.508	-6.4753	-5.3335	0.0	n/a
68	G	40.44	1.2715	0.9887	0.0	n/a
69	A	42.232	-3.056	-3.6708	0.0	n/a
70	I	42.697	-3.4439	-5.2175	0.0	n/a
71	T	44.536	-2.0729	-2.6123	0.0	n/a
72	R	47.983	-0.5016	-1.2728	0.0	n/a
73	F	38.384	-2.7439	-3.2681	0.0	n/a
74	T	38.61	-0.7997	-0.5611	0.0	n/a
75	S	40.218	0.4048	0.3989	0.0	n/a
76	L	39.399	-5.1108	-4.241	0.0	n/a
77	D	40.297	0.7798	1.6095	0.0	n/a
78	Q	46.768	0.7631	-0.009	0.0	n/a
79	A	36.774	-4.2294	-3.3994	0.0	n/a
80	Q	38.76	1.9112	1.8868	0.0	n/a
81	R	49.78	-0.6322	-0.5389	0.0	n/a
82	F	42.366	-2.1908	-4.1065	0.0	n/a
83	L	39.92	-3.701	-4.2564	0.0	n/a
84	R	48.665	1.2512	1.2162	0.0	n/a
85	Q	53.274	-0.3072	-1.1168	0.0	n/a
86	H	47.659	1.1167	0.2564	0.0	n/a
87	P	45.513	0.5503	0.8685	0.0	n/a
88	E	46.082	-0.0406	-0.3805	0.0	n/a
89	H	43.034	-0.5051	-0.0974	0.0	n/a
90	A	41.53	0.7903	0.7282	0.0	n/a
91	D	40.864	-0.0653	0.4793	0.0	n/a
92	L	37.672	-2.8761	-4.6922	0.0	n/a
93	R	36.642	-1.0545	-1.0978	0.0	n/a
94	I	36.591	-9.9229	-9.4416	0.0	n/a
95	W	32.333	-6.8822	-7.4274	0.0	n/a
96	G	32.39	0.6614	0.3142	0.0	n/a
97	L	32.746	-7.0048	-5.8571	0.0	n/a
98	N	36.004	3.7286	3.9297	0.0	n/a
99	A	37.644	-0.8508	-0.6861	0.0	n/a
100	F	41.887	-3.2126	-3.1886	0.0	n/a
101	D	46.36	1.2925	1.1179	0.0	n/a
102	P	44.086	2.6655	3.2756	0.0	n/a
103	S	42.198	-0.2563	0.3076	0.0	n/a
104	Q	44.573	-0.0776	0.1927	0.0	n/a
105	G	39.015	0.6563	0.6242	0.0	n/a
106	N	36.627	0.5967	0.6001	0.0	n/a
107	L	36.043	-7.2317	-6.8036	0.0	n/a
108	L	39.13	-7.2333	-6.909	0.0	n/a
109	L	40.114	-5.1291	-10.1824	0.0	n/a
110	P	38.313	3.8602	4.0472	0.0	n/a
111	R	37.637	0.5734	0.7771	0.0	n/a
112	L	34.766	-5.7192	-6.3023	0.0	n/a
113	E	34.516	0.1245	0.4681	0.0	n/a
114	W	36.859	-5.6707	-2.8458	0.0	n/a
115	R	37.348	-1.0409	-1.5205	0.0	n/a
116	R	42.046	-0.5852	-0.5784	0.0	n/a
117	C	54.763	-0.2082	-0.3457	0.0	n/a
118	G	57.173	0.7387	0.6647	0.0	n/a
119	G	55.108	0.1056	0.3252	0.0	n/a
120	K	53.66	1.0079	1.8532	0.0	n/a
121	A	43.062	-0.6506	-0.8084	0.0	n/a
122	T	40.564	-0.0405	0.3676	0.0	n/a
123	L	38.05	-6.4758	-5.3983	0.0	n/a
124	R	39.208	-0.8051	-0.2382	0.0	n/a
125	L	40.047	-9.2975	-9.7165	0.0	n/a
126	T	42.944	0.3731	0.2634	0.0	n/a
127	L	42.648	-6.2094	-7.6576	0.0	n/a
128	F	49.018	-1.9923	-4.9291	0.0	n/a
129	S	54.94	-0.1455	-0.0957	0.0	n/a
130	E	61.686	1.0305	0.5068	0.0	n/a
131	S	56.593	0.6539	0.8984	0.0	n/a
132	S	50.093	0.8312	1.1135	0.0	n/a
133	L	47.945	-3.2092	-3.5487	0.0	n/a
134	Q	50.187	0.9879	1.3369	0.0	n/a
135	H	51.741	-0.645	-0.0627	0.0	n/a
136	D	43.796	2.0405	2.2167	0.0	n/a
137	A	42.16	-2.1643	-2.2696	0.0	n/a
138	I	47.119	-2.361	-2.1299	0.0	n/a
139	Q	52.53	1.5638	1.7059	3.530873956478684	n/a
140	A	42.632	-5.5013	-5.9662	1.2898405673539568	n/a
141	K	44.152	-0.1353	0.3809	7.325545334275758	n/a
142	E	47.65	-1.1902	-0.8627	4.827594919965194	n/a
143	F	40.06	-2.9532	-2.4178	-10.670236736234122	n/a
144	I	38.767	-9.2938	-9.4368	-8.008639797625309	n/a
145	A	42.068	-1.9724	-1.8888	1.5381008386123682	n/a
146	T	46.274	-0.9846	-0.4831	3.002036256239128	n/a
147	L	42.267	-5.778	-5.5004	-9.92877624623878	n/a
148	V	46.696	-0.1227	-0.766	-5.617778136682294	n/a
149	S	45.62	0.4913	0.1316	4.736930538332193	n/a
150	I	44.04	-3.3834	-2.0706	-8.914660913432703	n/a
151	K	48.098	1.6692	1.8644	8.084830462429851	n/a
152	P	46.461	1.4096	2.3887	4.047373379286886	n/a
153	L	45.296	-5.3689	-5.8161	-10.340991085882228	n/a
154	P	43.107	0.2822	0.766	4.16783888466922	n/a
155	G	45.435	-0.3514	-0.0481	3.8584224296098815	n/a
156	L	44.409	-6.2675	-8.4808	-11.129280529556127	n/a
157	H	55.813	-0.8955	1.1825	1.8595642358569948	n/a
158	L	55.879	-3.9948	-7.2335	-12.063109600925001	n/a
159	T	57.879	-0.797	-0.6768	3.4125321804438165	n/a
160	T	60.311	-2.2079	-2.9265	3.423439593716873	n/a
161	T	60.774	-0.5227	-0.776	3.5943464755877073	n/a
162	R	60.075	-2.1903	-1.7587	4.529064324828907	n/a
163	E	61.588	-0.6431	-0.3387	6.8477471799354515	n/a
164	Q	59.293	0.5579	0.6016	5.51142576422748	n/a
165	H	61.591	0.6239	0.5449	1.5612249484042877	n/a
166	W	57.98	1.717	2.2561	-7.008634888129205	n/a
167	P	61.453	0.9146	0.68	5.601765720150907	n/a
168	D	66.549	0.468	0.5629	6.073721298394551	n/a
169	K	73.53	-1.1205	-0.9047	9.312664050406175	n/a
170	T	73.681	0.0515	0.3732	3.4030941832671537	n/a
171	G	71.602	-0.3778	-0.0697	4.698520104824207	n/a
172	W	68.898	-0.3406	1.2598	-7.407802516178531	n/a
173	T	73.257	-0.4144	0.0354	4.447106264295407	n/a
174	Q	75.028	-0.0542	0.486	5.4887205437414535	n/a
175	L	73.808	-5.4094	-4.9663	-15.519907412162674	n/a
176	I	74.773	-5.0441	-4.9357	-11.667976782258966	n/a
177	E	76.782	-0.0058	0.4036	7.595529600095616	n/a
178	L	73.955	-3.2392	-4.8348	-13.128547988317031	n/a
179	A	73.938	-6.3594	-5.6043	1.8807264459114297	n/a
180	T	75.137	-1.5124	-0.8117	4.32243189623657	n/a
181	K	76.892	-1.0758	-0.8631	8.194767110764468	n/a
182	T	74.144	-2.0439	-1.9416	4.454942323804708	n/a
183	I	75.169	-4.9043	-5.0183	-10.826810337693658	n/a
184	A	77.606	-0.8753	0.1937	2.4517740856786077	n/a
185	E	80.734	-1.2118	-0.0054	6.363112340617734	n/a
186	G	77.782	-0.7153	-0.6805	4.373787897659608	n/a
187	E	78.233	0.5194	1.0086	7.734240825394002	n/a
188	L	70.552	-5.2027	-5.5995	-15.76476454319625	n/a
189	D	67.998	-0.5457	-1.2578	7.932995482388881	n/a
190	K	63.447	1.6161	0.015	10.606069616067758	n/a
191	V	57.366	-9.4161	-9.5198	-8.309187557778626	n/a
192	V	55.646	-7.613	-7.5019	-8.49329237529362	n/a
193	L	50.561	-8.7974	-9.1819	-16.093739040061195	n/a
194	A	49.37	-1.2534	-2.1154	2.000645939324314	n/a
195	R	54.201	3.5089	3.9647	6.799287562724682	n/a
196	A	49.284	-0.3591	-0.1904	2.6728874012980044	n/a
197	T	48.881	0.1567	0.0882	4.0395768456967645	n/a
198	D	46.194	-0.2381	0.8386	7.649205325535556	n/a
199	L	44.867	-2.7232	-5.6406	-14.39270299807779	n/a
200	H	45.556	-1.2853	-0.6139	2.015731911377172	n/a
201	F	48.631	-5.6896	-5.5786	-14.527633780878826	n/a
202	A	51.812	0.5351	-0.5394	2.0910586092278973	n/a
203	S	52.325	-0.1504	0.0132	4.161611683109306	n/a
204	P	51.076	1.0116	0.7537	0.0	n/a
205	V	44.959	-7.1552	-8.8235	0.0	n/a
206	N	39.301	0.5589	0.7347	6.1138821381037864	n/a
207	A	36.732	-5.6864	-5.8101	1.765607050796198	n/a
208	A	35.466	-4.6002	-4.4688	1.8206164620224914	n/a
209	A	37.122	-5.3991	-5.0568	1.9836082382715559	n/a
210	M	37.779	-6.4172	-8.7458	-7.83046678405866	n/a
211	M	35.521	-6.9642	-6.2981	-6.980344479250346	n/a
212	A	36.056	-2.5167	-2.5357	1.9020436159162752	n/a
213	A	35.556	-3.1346	-4.1586	1.825793777509046	n/a
214	S	33.863	0.5373	0.5654	5.288601857194815	n/a
215	R	42.58	0.7755	1.0627	4.98431859150914	n/a
216	R	49.332	1.7405	1.2592	4.873948977335514	n/a
217	L	44.039	-0.1284	0.2168	-12.11850924568647	n/a
218	N	40.031	2.1065	2.1698	7.190446641399568	n/a
219	L	41.082	0.3213	0.9873	-11.33938835242251	n/a
220	N	43.642	2.1797	1.4753	6.295715159709193	n/a
221	C	36.83	-6.7929	-6.4978	-3.7936600375927285	n/a
222	Y	33.916	-0.5931	-1.3104	-4.261697871526178	n/a
223	H	35.925	-0.8449	-0.8915	1.9440294462817387	n/a
224	F	34.527	-7.7335	-8.2259	-14.380761756553175	n/a
225	Y	35.5	-0.4643	-0.138	-4.157859455658605	n/a
226	M	30.765	-7.9686	-7.9506	-7.054208888437212	n/a
227	A	37.212	-3.0423	-2.3336	1.8585582301756596	n/a
228	F	40.255	-1.7523	-0.8798	-12.08616592260674	n/a
229	D	46.793	2.9214	3.0887	0.0	n/a
230	G	45.045	0.3966	0.6818	3.90856598032779	n/a
231	E	49.963	1.2247	0.8386	6.380477146740831	n/a
232	N	40.024	-0.3376	-0.4935	6.358524804499666	n/a
233	A	35.182	-2.2358	-2.213	1.9683912287256182	n/a
234	F	32.104	-4.6041	-4.6127	-13.153959808676566	n/a
235	L	34.584	-8.4133	-8.3217	-14.656699886711259	n/a
236	G	32.383	-1.5106	-1.2702	4.59329351332168	n/a
237	S	34.065	0.7238	0.6043	6.90802990877357	n/a
238	S	32.798	-0.3552	-0.0455	4.879347168516712	n/a
239	P	36.967	2.7656	2.8946	3.9105771145428947	n/a
240	E	37.649	1.0269	0.1005	4.847421747718488	n/a
241	R	37.014	-0.2668	-0.2891	5.790559923066044	n/a
242	L	37.523	-3.8081	-3.8001	-14.468776747467162	n/a
243	W	36.677	-3.1118	-3.2761	-6.871560523268344	n/a
244	R	40.305	0.0899	0.1313	4.867613395565944	n/a
245	R	38.898	2.2763	2.0853	5.882914826404168	n/a
246	R	41.904	-1.4532	-0.9492	4.36885897873124	n/a
247	D	46.219	-0.7765	-0.64	4.9573269754043965	n/a
248	K	42.676	0.2252	2.0753	9.406560302769273	n/a
249	A	37.156	0.4354	0.0417	2.7343627604436014	n/a
250	L	37.386	-5.4931	-7.0985	-15.1319781702191	n/a
251	R	35.903	0.6452	0.6808	5.840466270743539	n/a
252	T	35.06	-1.8785	-1.4856	4.722154076087439	n/a
253	E	35.38	0.1094	1.7906	8.012638414060133	n/a
254	A	41.91	-4.032	-3.9377	1.9026820883242228	n/a
255	L	49.55	-5.6564	-5.5392	-13.626288248943878	n/a
256	A	53.42	-3.369	-3.5995	1.9219689867727299	n/a
257	G	57.715	0.4441	0.7682	3.029493094621294	n/a
258	T	59.72	-0.5271	-0.1727	3.236853248018059	n/a
259	V	59.059	-4.2276	-4.0763	-7.438764548960008	n/a
260	A	59.63	-0.1181	-0.2519	2.192250115764517	n/a
261	N	56.421	2.6465	2.8409	5.874796346040057	n/a
262	N	58.676	-0.7086	-0.6249	6.437661545352847	n/a
263	P	55.96	1.09	0.7333	5.08633742805961	n/a
264	D	59.666	-0.3936	-0.36	6.349152022122517	n/a
265	D	61.1	-0.8703	-0.6485	5.750410692270275	n/a
266	K	66.393	-1.244	-1.4826	6.900462748016468	n/a
267	Q	68.68	-0.0723	0.2976	5.353925388503596	n/a
268	A	68.012	-0.6776	-0.4799	2.0359214962267003	n/a
269	Q	70.922	-0.0476	0.0127	5.1794009566095776	n/a
270	Q	71.204	1.291	1.0899	5.356473063888068	n/a
271	L	69.597	-2.8983	-3.0677	-13.463362729186812	n/a
272	G	68.21	0.9371	0.9699	5.0566266788469925	n/a
273	E	67.349	1.5994	1.9604	7.404485712087966	n/a
274	W	68.695	-1.1734	-0.6789	-6.875769615488743	n/a
275	L	65.457	-3.5507	-2.9143	-11.060753717650593	n/a
276	M	67.799	0.2889	0.48	-7.179165455910056	n/a
277	A	67.096	0.4473	0.3113	2.3768348508650123	n/a
278	D	68.301	0.7554	1.1598	7.616205863974301	n/a
279	D	69.724	-1.069	-0.985	5.978717243598711	n/a
280	K	67.473	-1.0242	-1.3395	6.515641715887173	n/a
281	N	67.656	0.3733	0.8814	7.6736545490271775	n/a
282	Q	66.901	0.4217	0.2713	5.426391705005052	n/a
283	R	70.004	-1.9671	-1.9802	4.815868062761159	n/a
284	E	67.171	0.3314	-0.1652	4.876358377978752	n/a
285	N	54.808	2.6453	2.277	8.049965966719427	n/a
286	M	55.825	-1.5747	-2.4723	-6.694596539243034	n/a
287	L	51.981	-2.2408	-2.9348	-12.324287344347173	n/a
288	V	47.703	-4.5986	-4.868	-7.6781277199251425	n/a
289	V	46.921	-7.2751	-5.8949	-6.836377709549317	n/a
290	E	53.644	1.4013	1.4408	6.822082681893191	n/a
291	D	50.398	0.7218	0.5961	7.457536896110325	n/a
292	I	46.812	-7.1655	-7.5511	-12.278812799777107	n/a
293	C	50.422	-5.7753	-6.0557	-4.013409595512951	n/a
294	Q	51.586	0.1905	0.7996	5.336683681907193	n/a
295	R	51.755	-1.6791	-1.5696	4.8564368463642875	n/a
296	L	44.49	-6.5152	-7.2234	-13.409766249802558	n/a
297	Q	55.001	1.084	1.1743	5.68371602939784	n/a
298	A	48.308	0.4802	0.3006	2.416156579036684	n/a
299	D	47.03	2.8148	2.9437	7.721725645478632	n/a
300	T	47.613	-1.2145	-0.9199	4.0756076636237495	n/a
301	Q	54.562	0.2483	0.0165	5.385951144865837	n/a
302	T	51.899	1.0157	0.5068	3.468293610732752	n/a
303	L	49.881	-6.5232	-7.2597	-12.524642457892744	n/a
304	D	49.388	0.4925	0.3922	6.840663850555422	n/a
305	V	44.2	-6.0155	-6.3588	-6.384290474169527	n/a
306	L	45.772	-1.1419	-0.7737	-13.559923103416981	n/a
307	P	47.369	0.5493	0.667	5.0802823201634055	n/a
308	P	48.603	1.6852	1.1184	5.669094947601049	n/a
309	Q	53.268	0.8357	1.071	5.710993450912802	n/a
310	V	47.406	-4.2532	-3.7219	-7.149665047328606	n/a
311	L	46.087	-2.6675	-2.6753	-12.876370808728216	n/a
312	R	49.809	1.2747	1.5817	5.148070397137201	n/a
313	L	52.052	-0.6637	-0.3066	-14.00449671357429	n/a
314	R	51.823	3.1915	3.0128	5.4118108661452995	n/a
315	K	51.271	4.3279	5.373	10.44471536447918	n/a
316	V	47.999	-1.6607	-1.8089	-6.259400560108062	n/a
317	Q	47.204	3.2749	3.5142	6.802053056360364	n/a
318	H	46.118	1.0866	1.3498	2.3760482490652786	n/a
319	L	46.144	-3.8707	-4.534	-14.197179995602518	n/a
320	R	44.287	1.8285	0.9932	5.871538345331852	n/a
321	R	43.643	2.0473	2.2549	5.183161516952958	n/a
322	C	40.902	-3.4829	-1.7682	-4.1008528685862125	n/a
323	I	39.392	-8.6167	-8.3947	-10.587915862102387	n/a
324	W	40.588	-2.1235	-2.2655	-7.072024540287394	n/a
325	T	43.491	-0.5839	-0.5277	3.766771885611816	n/a
326	S	44.228	0.6434	0.9212	6.105353204138474	n/a
327	L	41.829	-2.546	-2.1261	-12.231499631491667	n/a
328	N	45.804	0.7288	1.1688	5.902549566685785	n/a
329	K	50.721	1.1654	1.3002	8.307135450340818	n/a
330	A	44.628	0.5793	-0.2516	2.2948431091136676	n/a
331	D	44.221	0.3889	0.9866	6.972533352301453	n/a
332	D	37.894	4.2761	4.3529	8.187262490083556	n/a
333	V	39.513	-2.8466	-3.2583	-6.50429448677711	n/a
334	I	41.095	-2.7468	-4.1594	-10.085730135013508	n/a
335	C	41.733	-4.2072	-4.9197	-4.683372467548715	n/a
336	L	41.362	-4.7875	-4.9838	-13.229362917840932	n/a
337	H	48.758	-0.3593	0.4216	1.8562462449064074	n/a
338	Q	46.456	1.9067	2.0661	5.517385563327528	n/a
339	L	41.086	-8.4645	-8.7651	-15.058080146538487	n/a
340	Q	42.623	2.0275	2.2674	5.682357914462668	n/a
341	P	44.474	0.9822	1.2064	4.218576585716715	n/a
342	T	44.227	-0.9875	-0.758	4.657099475167199	n/a
343	A	45.856	-2.4454	-2.8815	1.9955057541183603	n/a
344	A	47.274	-3.9206	-4.3929	1.92957898273574	n/a
345	V	48.599	-5.5473	-5.6284	-8.70183817644135	n/a
346	A	49.642	-2.961	-3.7626	2.117320862781119	n/a
347	G	53.562	0.0426	0.4504	2.9820831728422106	n/a
348	L	56.638	-5.6286	-5.4643	-12.871489515502905	n/a
349	P	59.753	2.2466	2.14	3.4048984045513717	n/a
350	R	64.796	-1.6759	-0.1603	4.473302037035242	n/a
351	D	64.171	-0.024	-0.3472	6.35535887225416	n/a
352	L	59.219	-2.5445	-2.3835	-13.395445700718435	n/a
353	A	53.474	-2.9279	-4.4002	1.6864837407159412	n/a
354	R	57.053	-0.5545	-0.529	5.095147576775306	n/a
355	Q	53.157	-0.5018	-0.1146	5.381916930877292	n/a
356	F	50.826	-6.2918	-5.0127	-15.219235238588203	n/a
357	I	46.036	-6.7536	-6.7637	-10.021269546128607	n/a
358	A	47.03	-0.1197	0.0769	2.173375003293203	n/a
359	R	53.629	-1.0182	-0.9302	5.135152520136097	n/a
360	H	50.345	-2.6933	-2.4909	2.2912257810898344	n/a
361	E	44.23	-0.027	0.7999	5.018276325967666	n/a
362	P	44.967	0.6761	0.3994	5.213449603109295	n/a
363	F	39.499	1.2424	1.3965	-13.396719806612413	n/a
364	T	39.529	-0.5795	-0.1599	3.3789700769478883	n/a
365	R	39.697	-0.5462	-0.3069	3.4861404481082325	n/a
366	E	42.977	0.0698	0.135	5.751815421017406	n/a
367	W	40.099	-2.3529	-2.1132	-6.964306173348967	n/a
368	Y	38.732	-2.1665	-0.7328	-3.575500615365615	n/a
369	A	35.394	-2.2437	-1.891	2.2402889264039434	n/a
370	G	33.388	0.6488	0.6829	3.3970423956458085	n/a
371	S	32.318	1.1148	1.1202	6.604905444966741	n/a
372	A	32.24	-3.6499	-3.4064	1.987688001252991	n/a
373	G	32.403	-0.5846	-0.6103	4.313684375399972	n/a
374	Y	34.767	-0.0631	-3.2558	-4.080244715935637	n/a
375	L	35.182	-7.6623	-7.3457	-13.309161245498002	n/a
376	S	36.075	1.7954	1.661	6.234254262879882	n/a
377	L	39.749	-0.9343	-0.3415	-11.23147426734826	n/a
378	Q	42.691	0.7729	1.4458	4.982360910350891	n/a
379	Q	40.602	1.1937	0.3018	5.5666983863291915	n/a
380	S	38.992	-0.6204	-0.1758	6.808438245979903	n/a
381	E	35.696	-1.1762	-1.3684	6.450713557193132	n/a
382	F	34.022	-4.2184	-4.8184	-14.812844955066195	n/a
383	C	34.02	-9.1148	-8.7681	-4.836461506735591	n/a
384	V	34.364	-6.4296	-6.1967	-7.6812832938505	n/a
385	S	32.883	3.0568	2.8203	7.1808641194552365	n/a
386	L	39.2	-3.3099	-3.0623	-12.522564610059195	n/a
387	R	40.003	2.6989	2.8728	3.3954418461071567	n/a
388	S	37.187	1.8191	2.1083	6.0433738515794655	n/a
389	A	34.972	-6.3216	-6.3322	1.9264249787171666	n/a
390	K	39.618	2.3531	2.7581	10.104058817952902	n/a
391	I	39.74	-5.6335	-6.3313	-12.89459687120399	n/a
392	S	42.597	0.7199	0.4307	5.633413015326273	n/a
393	G	45.448	-0.7163	-0.8021	4.183625120380576	n/a
394	N	50.105	1.6297	1.3141	6.204752592938132	n/a
395	V	43.08	-2.3629	-2.7512	-5.995466054713832	n/a
396	V	40.8	-6.8689	-8.5009	-8.569897885906213	n/a
397	R	41.992	1.4632	1.5779	5.613457434817351	n/a
398	L	41.654	-5.3262	-5.4808	-14.874217841631841	n/a
399	Y	43.007	3.7474	3.7399	-4.630775719777303	n/a
400	A	45.178	0.9165	1.0288	2.050624795158599	n/a
401	G	49.557	0.9323	0.9121	3.7190112520910064	n/a
402	A	54.614	-2.9487	-2.9025	2.227762372848893	n/a
403	G	61.508	0.6978	0.5874	4.246036193076395	n/a
404	I	67.741	-9.2773	-8.0031	-10.282699470923681	n/a
405	V	72.984	-2.3043	-2.9534	-6.545583216130629	n/a
406	R	77.655	-0.9263	-0.6584	5.61258335543904	n/a
407	G	75.07	-1.5817	-1.121	4.3887487527068565	n/a
408	S	75.697	-0.8641	-0.6109	4.646692722132708	n/a
409	D	76.134	1.9803	2.3795	6.61669120137331	n/a
410	P	73.991	-0.2676	0.4101	5.220511795200429	n/a
411	E	75.087	1.8446	2.0585	6.6383767875402215	n/a
412	Q	69.537	0.6994	0.9574	5.797678377695057	n/a
413	E	64.826	2.3919	3.3267	4.7490405847976085	n/a
414	W	62.275	2.4764	1.9805	-7.310524951276468	n/a
415	Q	64.271	0.8334	0.8811	5.48151765928426	n/a
416	E	63.678	2.7759	3.3686	4.7290425629766535	n/a
417	I	57.324	-2.2023	-2.3334	-12.706273266687898	n/a
418	D	57.579	2.0272	1.8502	6.755975447485884	n/a
419	N	53.669	1.7721	1.9517	6.810746528758213	n/a
420	K	51.333	2.5273	2.3989	6.0744214754486405	n/a
421	A	47.534	-3.0192	-2.3421	2.036086082334829	n/a
422	A	47.876	0.1547	-0.3578	2.0985767533839432	n/a
423	G	44.743	1.5005	1.7533	4.782345346150794	n/a
424	L	41.431	-6.8304	-6.2317	-12.772956436056097	n/a
425	R	52.874	1.1323	0.1695	4.602157954968406	n/a
426	T	46.404	-0.8273	-0.594	2.7717710257211605	n/a
427	L	44.293	-2.6008	-6.3069	-8.431598418576103	n/a
428	L	48.015	-7.5783	-10.5709	-7.751946500179536	n/a
429	Q	52.586	-0.0423	-1.171	0.0	n/a
430	M	n/a	n/a	n/a	0.0	n/a
431	E	n/a	n/a	n/a	0.0	n/a
