AlnIndex	Residue	B_Factor	ExpFrust	AFFrust	EvolFrust
1	S	n/a	n/a	n/a	0.0
2	N	n/a	n/a	n/a	0.0
3	A	n/a	n/a	n/a	0.0
4	M	n/a	n/a	n/a	0.0
5	A	n/a	n/a	n/a	0.0
6	E	n/a	n/a	n/a	0.0
7	D	73.93	-1.2268	-1.31	0.0
8	K	64.734	-1.6712	-1.827	0.0
9	G	44.332	-0.9752	-1.0072	0.0
10	R	40.95	-1.3544	-1.3561	0.0
11	K	42.838	0.5385	0.325	0.0
12	V	31.416	-8.392	-8.2769	-7.031651376747887
13	V	30.129	-7.5349	-7.1596	-7.168871351480352
14	V	27.216	-15.3175	-14.9816	-8.771012471443196
15	S	27.645	1.1972	1.2042	7.538742833548105
16	A	26.386	-7.0719	-7.2147	1.912926809809649
17	L	27.63	-9.1115	-8.7516	-18.431681483762198
18	Q	28.45	2.9282	2.7628	5.471779817325904
19	F	30.262	-4.5291	-4.9476	-16.455371714289413
20	A	34.144	0.8546	0.7373	2.5448842359326975
21	C	36.008	-5.8619	-6.6095	-5.166955716607917
22	T	38.576	0.8747	0.6704	3.966625096105609
23	D	43.331	2.3648	2.1442	8.157422670739091
24	D	41.23	2.0757	2.2675	7.040516824249225
25	V	36.716	1.194	0.1813	-7.307390948728067
26	S	36.96	1.6693	1.6798	6.416252703635372
27	T	35.691	-0.981	-1.1814	3.787712389999007
28	N	34.161	3.3297	3.2382	7.226151687751864
29	V	33.881	-2.5	-2.5766	-8.149822122878241
30	T	34.676	-0.5804	-0.7458	3.9504909156394206
31	T	31.789	-1.7267	-1.4732	4.555650995262878
32	A	29.944	-6.3863	-6.9917	2.2954498781632537
33	E	36.662	-1.8157	-1.774	8.848063910865436
34	R	33.687	-1.208	-1.3764	6.028074468242601
35	L	30.241	-7.0171	-7.634	-18.57771785254595
36	V	30.166	-10.761	-10.8213	-10.490123146972875
37	R	36.099	-0.7293	-0.4478	6.473778806977287
38	A	33.612	-2.2334	-3.7415	2.705088895586007
39	A	30.76	-6.4053	-6.242	2.044389281105731
40	H	35.036	-0.1612	-0.317	2.4971279230056003
41	K	41.422	0.328	0.3541	9.906668559852278
42	Q	39.206	-0.4745	-0.897	6.950753258482803
43	G	32.947	0.7783	0.9218	5.164226976398894
44	A	29.43	-7.8696	-7.9696	1.9880219328050004
45	N	28.881	3.0088	2.8973	8.386663001986514
46	I	25.519	-12.4957	-12.1932	-13.243058541282537
47	V	27.043	-13.511	-13.2457	-9.660838827910826
48	L	24.911	-11.7197	-11.6192	-16.46333254946534
49	I	26.502	-9.3865	-10.5882	-13.22698459868946
50	Q	27.376	2.2487	2.3106	5.498885308747958
51	E	30.962	3.6679	3.7214	5.645417990777859
52	L	30.57	-3.2021	-4.3747	-16.801701857615218
53	F	29.551	-5.5765	-6.0445	-16.938550625616482
54	E	37.604	3.6227	3.4727	10.223621521464889
55	G	34.485	0.4669	0.1405	4.012025088844271
56	Y	40.963	-3.0543	-3.7349	-3.272336336255505
57	Y	38.822	-3.2864	-2.7006	-3.7072212765955506
58	F	44.683	-1.8943	-3.9212	-15.128893480467037
59	C	49.13	-5.1844	-7.8747	-4.897142571118964
60	Q	60.244	2.7093	0.8989	6.306439393535512
61	A	64.646	-1.3761	-1.8441	0.0
62	Q	71.304	1.511	-0.8136	0.0
63	R	64.645	-3.3326	-4.7579	0.0
64	E	71.954	0.6126	-0.4082	0.0
65	D	65.245	-0.2263	-0.565	6.499575948379659
66	F	57.628	-3.4627	-4.8198	-14.552347231052744
67	I	60.192	-2.1856	-3.1366	-11.82375517756813
68	Q	64.051	-0.2255	-0.1626	6.368501980351204
69	R	49.742	-0.722	-1.7406	6.741409306195069
70	A	41.266	-1.767	-2.024	3.100943308434963
71	K	41.914	-0.9776	-0.5332	12.66092244259404
72	P	38.836	0.5535	0.7756	6.432993423868442
73	Y	35.907	0.6716	0.5248	-5.8399349330827945
74	K	48.509	-2.3567	-2.2917	12.198672648178935
75	D	45.144	-1.7593	-1.9483	0.0
76	H	37.994	-2.2697	-1.5391	2.1284361166657093
77	P	39.08	0.2201	0.2759	6.357426156845697
78	T	33.877	-0.5302	-0.5767	5.055395463533865
79	I	33.558	-6.6411	-6.9941	-14.24161965885603
80	M	41.28	-0.4094	-0.0185	-7.540712596193364
81	R	39.473	-0.298	-0.04	7.4574439442759575
82	L	33.449	-8.2652	-8.605	-16.82074261308478
83	Q	36.812	0.7225	0.8679	7.154412108312906
84	K	42.641	0.3863	0.5303	10.568124203809523
85	L	33.509	-4.9229	-4.8754	-19.019702824408053
86	A	32.512	-6.4752	-5.6386	2.051002088652982
87	K	42.712	-0.7064	-0.5533	10.29657151185316
88	E	39.51	-1.4724	-1.5931	7.868597997749738
89	L	34.081	-5.0862	-4.7498	-17.18021140755936
90	G	32.297	0.2335	0.8121	5.333071474307249
91	V	29.31	-10.3378	-9.9942	-9.923955346843645
92	V	26.737	-11.1451	-11.0998	-10.187545197799432
93	I	28.736	-13.5318	-13.9216	-13.44140377429853
94	P	27.853	2.4678	2.816	7.051123208535787
95	V	29.394	-9.9708	-10.1077	-9.845690598925845
96	S	27.475	2.7462	2.5352	7.378199617462566
97	F	28.735	-4.4625	-4.7875	-17.21556646180833
98	F	33.174	-3.0904	-3.4385	-16.981618529358578
99	E	32.588	3.0277	2.8901	9.5999380181708
100	E	44.042	0.2384	0.2196	8.650739482932654
101	A	48.948	0.3799	0.6626	2.7523325662298848
102	N	63.164	0.3307	0.5787	6.1176687874955
103	N	66.072	0.3433	0.7293	6.142998389204206
104	A	46.546	0.4571	0.318	2.708415591281688
105	H	41.058	0.3113	0.098	2.1852820089980733
106	Y	32.877	-1.768	-2.233	-4.6691851407833
107	N	28.354	2.8118	2.5061	7.1195985530482515
108	S	27.492	1.3957	1.5898	6.880206286034249
109	I	25.399	-6.7081	-7.8041	-13.619267437387574
110	A	26.808	-4.7731	-4.8152	2.1692924322460145
111	I	27.938	-9.9821	-10.1213	-13.935902619101757
112	I	30.776	-8.5242	-8.4857	-13.401335685844012
113	D	31.066	2.7148	2.8511	9.934426429197151
114	A	32.396	-4.4637	-4.4144	2.373424617553682
115	D	37.216	-0.2581	-0.6014	7.762820463304108
116	G	35.615	-1.1016	-0.7101	4.196606383684914
117	T	36.619	-1.63	-1.4941	3.482212906109549
118	D	37.106	1.2436	1.4289	7.604907409340788
119	L	32.513	-3.8445	-4.1891	-16.464130575864363
120	G	30.48	-0.9625	-0.969	5.598488723112855
121	I	30.94	-4.7317	-6.3303	-13.058359708098674
122	Y	24.082	-3.5308	-3.8061	-4.691678388111086
123	R	29.043	0.5645	0.3948	5.44352242034426
124	K	30.33	3.6216	4.1753	7.987328467420914
125	S	25.468	0.3781	0.4294	6.636653343267737
126	H	26.336	0.5166	0.9985	1.8729831527767171
127	I	37.661	-0.3281	-0.3392	-10.952690818278082
128	P	46.313	1.3003	1.3296	6.282106791937718
129	D	75.213	2.2135	2.6369	8.096183823774721
130	G	88.16	0.905	0.1455	0.0
131	P	93.75	2.403	1.8623	0.0
132	G	82.28	1.5195	-0.7098	0.0
133	Y	77.084	2.723	2.1431	-2.684397491481425
134	E	82.016	2.6629	1.8546	8.207087934600072
135	E	64.131	4.1175	3.7645	7.504546745780221
136	K	59.241	-0.205	-0.8888	9.532597940404445
137	F	54.389	-0.5249	-1.9026	-13.527747154932609
138	Y	43.479	1.7547	-4.1622	-4.841968373013731
139	F	35.327	-3.0712	-2.9979	-15.842001893251396
140	N	37.681	2.2235	2.3204	7.182787100904031
141	P	32.733	0.986	1.1194	5.425206129050414
142	G	29.133	0.0779	0.2817	3.7890990331789958
143	D	31.769	-0.2521	-0.252	6.829205084579227
144	T	27.857	0.4775	0.3374	3.862952208700814
145	G	26.59	-0.0685	-0.1477	0.0
146	F	25.615	-2.7911	-3.8543	-15.45700237011246
147	K	32.13	1.479	1.473	11.835716490173223
148	V	25.773	-5.4345	-6.0573	-7.904570223192566
149	F	28.123	-4.8262	-4.6203	-15.59110595236325
150	Q	31.142	-0.1668	-0.7411	6.024061088889491
151	T	27.993	-2.4781	-1.862	4.948042688303183
152	K	37.406	-2.0065	-1.8544	11.330312996614076
153	Y	34.795	-5.6624	-5.7043	-5.375460210437172
154	A	27.7	-7.016	-6.4969	2.557306008565655
155	K	32.278	3.2159	3.291	10.42416838827962
156	I	24.186	-13.6274	-14.283	-13.443375794820344
157	G	23.513	0.1198	0.579	5.1315604473204885
158	V	25.654	-11.5271	-11.726	-9.13596922446667
159	A	26.312	-2.4643	-2.0114	2.2288102734365376
160	I	27.723	-3.5836	-3.1862	-10.735023547978903
161	C	33.653	-3.5231	-3.5996	-3.65180203345505
162	W	33.956	2.006	3.6868	-7.8133846124583215
163	D	26.654	2.6951	2.6801	6.841526613744391
164	Q	28.347	2.9615	2.6726	7.395591270187197
165	W	30.55	2.9999	3.7202	-9.017238972495187
166	F	25.005	-0.9412	-0.3415	-13.347552821372455
167	P	22.309	2.6828	2.8093	5.088875079535563
168	E	21.153	1.807	1.9557	7.172597410521719
169	A	21.574	-1.0553	-0.6091	2.41840600995659
170	A	21.114	-2.334	-2.2189	2.356176663515582
171	R	20.861	1.5865	1.5958	6.025997902647113
172	A	21.286	-1.3583	-1.3524	2.3823520153806195
173	M	21.935	-4.4734	-4.7051	-9.074233308168244
174	A	21.0	-2.2385	-2.4524	2.113091619033448
175	L	20.581	-2.4892	-2.9051	-13.434709150524668
176	Q	25.71	1.6856	1.3787	6.577929447820201
177	G	22.748	0.2804	0.7312	4.560196858957386
178	A	22.774	-6.8908	-7.1734	1.9969642215616517
179	E	24.641	1.873	1.7587	8.530061327763992
180	I	24.722	-13.3158	-13.8341	-13.624297875563666
181	L	22.148	-9.1635	-8.5934	-16.899813740524966
182	F	23.368	-13.453	-13.7765	-17.858026623300606
183	Y	24.436	-4.963	-2.7131	-5.292894708417048
184	P	25.6	3.6648	4.0407	6.026313899903399
185	T	29.939	1.051	0.4545	4.8134902973048925
186	A	30.56	-2.5287	-3.053	2.4102087690061076
187	I	33.888	-3.1826	-3.4734	-13.223072875106721
188	G	40.578	0.2856	0.7403	6.072934372496045
189	S	53.297	-0.9119	0.5631	6.590834676061772
190	E	74.328	1.4765	1.7469	7.982894741058724
191	P	79.877	0.2112	1.9508	0.0
192	H	n/a	n/a	n/a	0.0
193	D	n/a	n/a	n/a	0.0
194	Q	94.252	1.142	1.0904	0.0
195	S	90.838	0.8903	1.655	0.0
196	I	83.406	0.5964	1.201	0.0
197	D	60.551	-0.3429	0.6418	0.0
198	S	38.365	0.4095	0.9318	6.972275118937169
199	R	37.38	-1.4797	-1.7786	5.0209342877280125
200	D	34.309	-0.9928	-0.8922	6.627552877593069
201	H	28.998	-0.0668	-0.0953	2.1538969607919456
202	W	27.643	1.9411	2.7636	-8.273546082019253
203	K	28.934	0.9575	0.5232	12.465099144502778
204	R	28.685	0.1792	0.319	6.482496212168994
205	V	23.29	0.5004	0.2895	-8.31201994431874
206	M	23.178	-1.5464	-1.176	-9.55532519419986
207	Q	25.662	0.8884	1.0598	6.799618653885869
208	G	23.32	0.1789	-0.0004	5.147480759029397
209	H	23.84	0.1595	0.7368	2.505833726683585
210	A	21.638	-1.1252	-1.0452	1.793241582772967
211	G	21.482	0.0198	-0.0929	5.460683203455382
212	A	20.696	-0.1373	0.2127	2.493400278648192
213	N	20.805	1.6488	1.5779	7.671857437278911
214	L	23.314	-2.4961	-2.8287	-16.09965483674097
215	V	23.429	-8.675	-8.6902	-9.235483187249406
216	P	23.739	2.7271	2.6177	6.973161805564622
217	L	23.511	-7.7057	-7.2642	-16.270437933286974
218	V	22.923	-13.333	-12.9336	-10.429412141506969
219	A	24.022	-3.5053	-4.1384	2.5360180850379708
220	S	25.608	1.8392	1.601	7.929346941866577
221	N	27.28	1.7498	1.8003	7.733319410379217
222	R	29.546	1.9218	0.4209	6.79352203761889
223	I	32.34	-1.2619	-1.247	-11.958952114150753
224	G	36.377	-0.6701	-0.2154	4.728562527970266
225	N	45.709	0.0514	0.6174	6.4565111552759795
226	E	40.694	3.34	2.6344	8.213236532927686
227	I	51.426	-1.6947	-1.8845	0.0
228	I	56.816	-3.5826	-4.6084	0.0
229	E	75.623	-0.3266	-0.5674	0.0
230	T	78.853	-1.6728	-1.8167	0.0
231	E	91.456	0.0132	-0.188	0.0
232	H	94.676	-0.0036	-0.564	0.0
233	G	88.295	0.0603	-0.0615	0.0
234	K	80.79	-1.8675	-1.5697	0.0
235	S	63.577	0.9478	0.3806	5.744958302078646
236	E	58.46	1.904	1.581	6.864665639539549
237	I	44.942	-4.0694	-3.436	-11.284342520103731
238	K	47.172	3.1094	3.2592	8.986200234687491
239	F	34.741	-4.1328	-3.929	-15.88982341436002
240	Y	32.863	1.7881	2.501	-5.578090948665393
241	G	28.852	0.5265	0.5308	4.3988410120769
242	N	29.459	1.7777	1.3391	8.114857146920162
243	S	25.778	0.6434	0.441	6.02494504660734
244	F	24.934	-4.0831	-4.1442	-18.06467659923072
245	I	24.58	-12.4683	-12.4216	-13.35751595930261
246	A	24.1	-3.3073	-2.76	2.344190370476889
247	G	24.543	-1.0102	-0.7614	5.734294244066046
248	P	24.714	3.0899	3.1659	5.9569323581800555
249	T	25.614	-0.5971	-0.7534	4.348385059482935
250	G	25.178	-1.0953	-1.0549	4.1176488059466125
251	E	38.347	2.1333	2.0682	8.193994037029178
252	I	32.527	-4.7984	-4.8272	-12.274331476536071
253	V	33.007	-5.5815	-5.0334	-7.653902698302653
254	S	32.728	-0.0752	-1.0258	7.663020028273614
255	I	33.085	-5.0953	-5.5802	-12.471088027467454
256	A	32.136	-2.7718	-2.7296	2.1321314551249473
257	D	38.597	2.284	2.479	8.198068449714881
258	D	40.519	0.9114	0.6153	7.230877958397286
259	K	50.092	-1.8594	-1.305	0.0
260	E	48.546	1.4987	1.7905	8.182153496411166
261	E	37.434	0.6457	0.7231	9.240667862690747
262	A	31.368	-2.2114	-2.1853	2.457840937403585
263	V	30.764	-8.869	-9.2378	-9.085507811582925
264	L	28.307	-10.3111	-9.9846	-17.727179689724835
265	I	31.513	-7.3402	-6.9973	-14.327812243855055
266	A	27.862	-6.1769	-5.8663	1.886693445378928
267	E	33.719	-0.4684	-0.2919	9.47911482642681
268	F	27.355	-6.1334	-6.0814	-14.739332856560898
269	N	28.029	0.6877	0.2186	5.966591986498363
270	L	27.16	-4.5527	-4.5845	-14.79518380545558
271	D	32.396	-3.3493	-3.4111	6.033683285915662
272	K	33.548	0.9208	0.7962	10.300404908723163
273	I	23.209	-4.0896	-4.5471	-11.23003087658373
274	K	24.574	2.4399	2.1963	8.809109815607682
275	S	25.133	-0.3989	-0.4336	5.29598095169362
276	M	33.446	-0.4065	-0.7556	-7.545635928781226
277	R	22.145	1.4383	1.4302	4.802983723541968
278	H	22.615	0.1566	0.0579	1.5555692720194632
279	C	24.862	-2.424	-2.0406	-3.6239158204787265
280	W	24.194	-0.2951	-0.6419	-6.57013132139673
281	G	20.737	-0.0569	0.1764	4.153048413681996
282	V	19.623	-0.6446	-0.7468	-6.378045018270433
283	F	19.527	-1.0063	-1.1744	-11.008027992397107
284	R	20.757	-1.0298	-0.593	3.8896678428127895
285	D	19.011	-2.2796	-2.262	5.407527382479082
286	R	19.081	0.6263	0.0707	3.4519044796567724
287	R	20.199	-0.6015	-0.6887	2.0825515851437273
288	P	22.364	1.4866	1.3624	0.0
289	D	23.151	0.1137	-0.2903	0.0
290	L	21.321	0.539	0.0427	0.0
291	Y	19.546	-0.6733	-0.69	0.0
292	K	28.358	0.7763	0.6757	0.0
293	V	25.813	-1.6224	-1.567	0.0
294	L	24.172	-1.2026	-0.9557	0.0
295	L	27.871	-2.2109	-2.1306	0.0
296	T	29.063	-0.3471	-0.3432	0.0
297	L	33.867	-0.5582	-0.0418	0.0
298	D	38.001	-0.0733	0.4347	0.0
299	G	37.773	-0.2761	-0.1923	0.0
300	K	54.169	0.0468	0.1738	0.0
301	N	51.47	-0.1944	-0.412	0.0
302	P	49.95	1.0195	1.1829	0.0
303	V	56.294	-2.4342	-2.1505	0.0
304	L	76.313	0.691	0.782	0.0
