AlnIndex	Residue	B_Factor	ExpFrust	AFFrust	EvolFrust
1	M	20.663	-3.5722	-2.6683	-2.584059101301687
2	K	26.719	0.5178	0.4685	7.127937092903769
3	F	18.215	-7.5919	-6.7984	-12.339860878327608
4	T	20.637	-0.3874	-0.2845	3.3679273369433473
5	V	19.8	-7.1313	-8.32	-7.145213630885265
6	E	27.943	1.8136	1.9591	7.4688710697720415
7	R	21.446	-0.3191	-0.2206	4.568097965810179
8	E	30.88	0.1139	0.3041	6.181366106725674
9	H	25.961	-0.8482	-0.8077	1.6307953321874935
10	L	21.52	-6.0773	-6.0621	-12.340133766949341
11	L	26.136	-2.0389	-2.1091	-12.253510658678374
12	K	29.804	-0.8704	-0.244	8.645981768212073
13	P	20.437	1.7327	1.8595	5.674190994559778
14	L	23.736	-5.5862	-5.9826	-12.709003479641117
15	Q	35.096	0.286	0.5731	5.252219081126273
16	Q	27.179	2.0624	2.0477	5.669356102118998
17	V	24.497	-7.5128	-6.6663	-7.4433315742836195
18	S	36.135	0.8179	0.664	5.980915163944414
19	G	43.477	0.5417	0.2912	4.439445293600209
20	P	n/a	n/a	n/a	5.090583686175513
21	L	n/a	n/a	n/a	-12.571545523688009
22	G	n/a	n/a	n/a	4.298934532286071
23	G	n/a	n/a	n/a	3.9503118700528925
24	R	n/a	n/a	n/a	4.578509377699375
25	P	n/a	n/a	n/a	4.7311854626100525
26	T	54.986	0.5395	1.275	3.143591019107541
27	L	48.344	-1.676	-1.0588	-12.497859372473398
28	P	34.057	3.4457	3.2666	4.293653782000595
29	I	27.086	-2.7854	-2.6785	-9.68991587083658
30	L	24.151	-0.5158	-0.3973	-11.646654453763835
31	G	21.378	1.0814	0.9154	4.319053881902715
32	N	17.581	4.4441	4.5649	6.793612265983149
33	L	18.036	-8.0242	-8.4391	-13.91013530198054
34	L	16.455	-6.4427	-6.0524	-12.938538930171035
35	L	16.659	-8.4054	-7.8897	-15.080453160466565
36	Q	18.476	1.5876	1.7824	7.069177032366928
37	V	14.716	-6.1826	-6.039	-8.315205754229689
38	A	19.21	0.1591	0.4714	2.669076490258368
39	D	26.782	-0.678	-0.5753	7.411436095829949
40	G	24.465	-0.8928	-1.0247	4.393508807588947
41	T	22.364	0.0566	0.1412	3.9504985118942626
42	L	18.06	-5.1154	-5.2448	-14.179935918077836
43	S	17.863	0.686	0.1108	6.52380885836364
44	L	20.102	-6.5417	-5.9462	-14.191828528668674
45	T	18.679	-2.2471	-1.6789	3.8448094000506754
46	G	20.36	0.4085	0.7755	4.682506026025198
47	T	23.564	-0.9413	-1.3899	3.647621777074212
48	D	26.67	3.2559	3.333	5.984212450032493
49	L	28.935	-0.0374	-0.0322	-12.872794018180493
50	E	32.481	3.1678	3.3576	6.560855432270872
51	M	23.921	-2.4552	-0.7631	-6.558933030815201
52	E	24.826	2.8404	3.0304	7.77626682679822
53	M	21.735	-4.2406	-3.7028	-7.245902954789926
54	V	21.65	-4.7976	-4.3961	-6.786751989012445
55	A	21.694	-3.9049	-3.6938	2.096405706970257
56	R	34.076	0.0553	0.0928	5.68150105204598
57	V	23.931	-5.8115	-6.1029	-7.292043088137905
58	A	21.252	-2.1126	-2.0542	2.2400859851496104
59	L	20.504	-5.6595	-5.8761	0.0
60	V	21.906	-1.6502	-1.4009	-7.246242757183729
61	Q	21.273	-0.262	-0.01	5.579294632752671
62	P	23.4	-0.3862	-0.1548	5.488021485790604
63	H	19.751	-1.5117	-0.3493	2.134157160910227
64	E	21.026	0.2623	0.2612	7.468425170570395
65	P	15.361	0.5209	0.8794	5.55481573821003
66	G	15.518	-0.1845	0.1469	4.430906224390032
67	A	16.69	-1.8121	-1.3149	2.145392779752695
68	T	17.837	-0.5586	0.0393	3.7874109016860005
69	T	17.177	-0.0475	0.1109	4.066882468476203
70	V	18.681	-7.7969	-8.311	-6.953084275385424
71	P	19.463	3.9814	3.5233	4.648503371263001
72	A	18.774	-2.9174	-2.8014	1.729546093028818
73	R	29.22	0.938	0.9172	4.016150593390361
74	K	18.471	2.1228	2.0608	8.822922535272147
75	F	18.835	-6.8371	-6.0805	-13.605838695093146
76	F	21.467	-3.3283	-4.1635	-13.18105824391887
77	D	20.541	-0.625	-1.3306	5.922741513045534
78	I	18.639	-5.5339	-5.7637	-11.385654177199525
79	C	19.078	-8.9775	-8.9082	-4.468009673193472
80	R	31.802	-0.4149	-0.4228	4.5936193956587505
81	G	18.203	-0.8996	-0.8547	4.88160110454505
82	L	18.0	-2.4192	-2.2158	-11.69999899455991
83	P	21.769	1.8764	1.7289	5.03030801885892
84	E	31.908	1.182	1.094	7.14816797590258
85	G	23.755	0.8947	1.0804	4.763257604701362
86	A	21.18	0.1182	0.231	0.0
87	E	22.506	2.8386	2.6888	7.292636262742786
88	I	17.244	-8.2804	-8.2278	-9.375513287047829
89	A	16.948	-1.1469	-1.4562	2.647161983881281
90	V	17.694	-8.5721	-8.4221	-7.26611633057356
91	Q	25.693	0.877	0.9297	5.7422620843537615
92	L	23.455	-2.5032	-2.3044	-13.762597624251468
93	E	34.928	1.3435	0.8776	7.536499927049877
94	G	27.432	-0.517	-0.1244	4.481517458628045
95	E	30.779	0.3476	0.0006	6.98757534921242
96	R	30.003	-0.8665	-0.227	4.557951801270615
97	M	20.039	-5.2892	-3.5426	-8.010842327418136
98	L	21.234	-2.6724	-2.2367	-13.023038788812467
99	V	18.017	-6.695	-6.6239	-6.417426561081811
100	R	29.957	0.7602	0.7326	5.151226591538824
101	S	18.772	0.4626	0.6326	6.196051781024619
102	G	19.775	0.0592	-0.1072	4.112159734081471
103	R	21.494	1.4673	1.4643	4.826966012740573
104	S	19.437	-0.5858	-0.9728	6.036258386512624
105	R	31.465	0.8673	0.9134	4.456880065581237
106	F	18.086	-2.6664	-2.1184	-13.629147251275299
107	S	19.177	0.8276	0.9609	5.525387959857366
108	L	18.2	-6.2637	-4.6215	-12.209561672610754
109	S	19.205	1.8529	1.5731	5.248289115077377
110	T	18.439	-1.0045	-0.8363	4.053731274209488
111	L	18.503	-1.2971	-1.4917	-12.22845237420286
112	P	20.087	2.7403	2.5519	5.052264001099885
113	A	19.59	-2.8583	-2.553	2.041070495548626
114	A	24.084	-0.96	-0.9007	1.9479217096493955
115	D	25.85	4.227	3.9252	6.728537231926901
116	F	23.122	-3.2729	-2.6586	-11.491692809150663
117	P	27.654	1.832	1.7672	3.7442132751477497
118	N	36.996	1.5377	0.617	5.237841919016893
119	L	36.358	1.0032	0.8405	-11.531634805158726
120	D	40.119	3.4556	3.9152	6.666958093165345
121	D	36.612	1.597	1.7087	6.529537505336377
122	W	27.555	1.4872	3.0668	-6.16735715668009
123	Q	28.803	1.3047	1.441	5.377101238328195
124	S	29.108	-0.5005	-0.2218	5.37674262346797
125	E	29.953	1.5146	1.4348	4.466934010496372
126	V	25.086	-4.7039	-6.256	-6.113689732156528
127	E	24.516	0.5995	1.0491	6.954339478571886
128	F	21.08	-5.4359	-6.4256	-12.568338403685678
129	T	24.991	-0.2421	-0.3377	3.854910864250135
130	L	21.621	-5.3176	-5.7947	-12.405899457326445
131	P	21.729	1.2195	1.6217	5.525609160848561
132	Q	29.593	1.6581	1.5906	5.996130697988615
133	A	22.406	-0.082	-0.5499	2.3275323963939387
134	T	21.869	-0.1952	-0.1873	3.7434810786430717
135	M	22.82	-5.4251	-5.2667	-6.430159480744997
136	K	25.351	1.5432	1.1384	8.909849139403832
137	R	25.587	0.3715	0.3399	5.401864485700619
138	L	18.235	-7.078	-6.8936	-13.300214852385484
139	I	18.819	-6.6305	-7.8528	-10.969432552964223
140	E	19.466	-0.7509	-0.4932	6.222488389888057
141	A	17.946	-1.5723	-3.1633	2.1298002198853667
142	T	15.439	-0.7356	-0.0542	3.599176457996021
143	Q	22.914	2.1436	2.4757	5.879607184262448
144	F	15.435	-0.33	-0.5413	-12.917514614891555
145	S	16.767	1.7454	1.847	5.367230486045963
146	M	19.326	-0.7542	-0.6903	-7.247619378285483
147	A	21.912	1.1136	0.6022	2.063261894977945
148	H	34.176	1.3773	1.1288	1.5981995694394897
149	Q	32.134	2.1998	2.3442	5.4903740116271464
150	D	24.267	0.6633	0.4036	6.330666602730975
151	V	23.217	0.427	0.5274	-5.75426671515367
152	R	28.264	-1.0574	-1.6441	4.784071125537355
153	Y	32.663	0.967	1.0628	-3.7984788335734985
154	Y	25.185	-4.9286	-4.9928	-4.398260305083903
155	L	19.532	-2.0902	-1.4369	-11.697653328007187
156	N	20.561	1.5307	1.5643	6.340561943443151
157	G	19.777	0.3614	0.6793	3.743554625232431
158	M	16.809	-7.6026	-6.996	-7.683870710926792
159	L	17.462	-6.1939	-5.3156	-13.543144216438122
160	F	19.904	-7.6119	-9.5914	-13.665816922883215
161	E	21.381	2.3694	2.4234	7.301405224032399
162	T	18.847	-1.1906	-1.4509	3.6812554604012613
163	E	25.508	2.7094	2.7052	7.726413723785778
164	G	26.362	1.7744	0.3882	4.972149585235026
165	E	29.33	3.6486	3.2309	8.031486727910737
166	E	28.979	4.1242	3.8256	7.458273800558537
167	L	20.345	-6.1511	-5.909	-12.417188641097422
168	R	21.352	-1.4673	-1.805	4.731122147024483
169	T	16.827	-0.265	-0.3029	4.280908334135275
170	V	15.793	-5.9426	-4.9544	-6.454587603625321
171	A	16.194	-2.4405	-3.1184	1.713943955956773
172	T	16.759	0.084	0.3437	3.427045172683991
173	D	19.57	1.5928	-0.1811	4.799081905905496
174	G	21.815	0.4776	0.3726	4.463247989555216
175	H	23.318	0.2285	-0.6011	1.906200618309245
176	R	18.258	1.1956	0.7132	3.457172623317834
177	L	15.285	-5.7743	-5.3041	-11.934659890446806
178	A	15.424	-2.1999	-2.345	1.6876065176108663
179	V	15.721	-6.3782	-5.9337	-7.09280569182489
180	C	17.5	-6.7989	-7.2304	-4.516291969071733
181	S	20.828	0.4403	0.4492	6.1367520414773695
182	M	22.562	-3.9731	-3.9797	-7.724318949743137
183	P	25.81	2.2305	2.6886	5.295940768235141
184	I	29.581	-4.7211	-5.0954	-10.525276816214596
185	G	31.782	1.2859	0.7649	4.790335370520768
186	Q	36.416	0.7409	0.7209	5.74248214310654
187	S	36.527	1.2084	0.7274	5.928293618890597
188	L	29.659	-1.4345	-1.8405	-10.058754489173248
189	P	27.116	1.0002	1.6337	4.679767446272332
190	S	24.328	1.1648	0.3824	5.697144656084028
191	H	29.311	-0.92	-0.8554	1.8063405696467558
192	S	25.458	-0.4935	-0.5801	5.842511073924566
193	V	21.171	-8.415	-8.0908	-6.8511651134068705
194	I	19.946	-8.1662	-8.1286	-10.419172717409957
195	V	19.481	-8.3067	-9.0377	-6.910559811747948
196	P	21.58	4.3591	4.4408	3.8616914811453316
197	R	27.39	0.8192	1.6779	5.491284901072863
198	K	28.461	1.1235	1.0408	7.55679171693397
199	G	20.643	0.2935	0.5828	4.462649807226913
200	V	19.46	-5.4525	-5.4867	-7.4293425529135435
201	I	23.971	-2.0166	-2.4656	-8.964735402280798
202	E	25.241	2.4293	1.4021	6.7459573988111465
203	L	25.152	-10.4491	-8.6187	-12.181252303790883
204	M	26.915	-2.182	-2.6012	-6.800230063363439
205	R	28.577	-1.7307	-0.836	4.266969618612859
206	M	30.786	-6.2405	-4.8499	-6.415830063720836
207	L	37.263	-5.6748	-4.2252	-12.824258798459573
208	D	50.256	-0.1777	0.6934	6.452660113179479
209	G	53.868	-0.0406	0.5923	3.8722143482735096
210	G	51.64	-0.311	0.3939	1.6348649836933251
211	D	47.76	0.9144	1.563	5.163224421787953
212	N	41.938	0.0185	-0.9523	5.680011551948849
213	P	33.239	0.9126	0.9389	5.6447539107101825
214	L	24.778	-8.032	-7.3071	-12.053327297698328
215	R	23.688	-0.9798	-0.7989	5.039924751907069
216	V	19.991	-7.24	-7.271	-6.7763281312834
217	Q	22.874	0.7901	0.9737	5.846332474796614
218	I	24.483	-5.4586	-6.241	-10.028187179982213
219	G	26.585	-0.5792	0.1209	4.253824662104355
220	S	28.925	-1.5603	-0.5592	5.063710253631526
221	N	31.315	-0.3348	0.1133	4.975891673637068
222	N	24.89	1.5882	2.8299	5.3886538735752145
223	I	20.126	-7.8792	-6.8173	-10.906234731096543
224	R	23.022	-0.2992	-0.4079	5.0698822681080955
225	A	19.998	-4.6882	-4.4949	1.540739466297318
226	H	22.685	-1.5031	-1.3446	2.0649549783262096
227	V	24.811	-6.1133	-5.4908	-6.901530542136004
228	G	24.69	-1.2624	-0.2246	4.462925348698814
229	D	27.086	0.0715	-0.2748	6.7786124800035585
230	F	26.407	-6.1542	-5.6074	-13.252328686623585
231	I	20.741	-3.8187	-3.1216	-10.313621721926832
232	F	20.715	-7.0379	-6.8113	-12.693148717183416
233	T	19.201	0.0106	-0.0277	3.5187386122545257
234	S	19.823	1.0725	1.0785	6.009886696336946
235	K	27.087	1.5903	1.9361	8.073338673204058
236	L	24.677	-5.3972	-5.1271	-11.351055491561846
237	V	27.049	-5.5337	-5.4335	-6.572415607463355
238	D	41.925	-1.0642	0.0228	6.356024608096456
239	G	34.262	-2.708	-3.3866	4.15618668014105
240	R	37.131	-1.2435	-2.3478	4.08975731795109
241	F	22.655	-6.5393	-5.2071	-12.283949112997849
242	P	22.894	0.1789	-0.469	4.343214136306726
243	D	25.186	-2.6771	-2.0232	5.473901450609183
244	Y	20.835	-2.8584	-5.2293	-4.386223589755637
245	R	30.949	-2.9473	-2.4196	4.310810118642693
246	R	31.124	0.2192	-0.71	4.653411974921207
247	V	24.459	-4.5011	-3.2945	-7.018857202248934
248	L	24.828	-3.1802	-2.9266	-12.75258035865423
249	P	24.983	2.772	3.2957	4.669516459027818
250	K	29.791	0.3392	0.533	8.828438429636279
251	N	28.465	-0.0495	1.2557	5.49619444455931
252	P	26.691	2.1839	0.4458	5.476313892330956
253	D	26.386	-1.5917	-1.5069	6.4636278686618285
254	K	22.364	-2.0198	-1.8252	9.541951447932206
255	H	25.545	-0.5653	-0.5601	1.770244076974785
256	L	23.903	-9.3843	-9.9145	-14.975949073777022
257	E	29.041	2.4196	2.4489	7.396001004014459
258	A	19.566	-5.9248	-5.1534	1.728091364813975
259	G	17.152	-0.1664	0.5656	4.976985733726906
260	C	18.75	-6.7275	-6.4408	-4.294110733867145
261	D	25.211	0.646	0.105	6.795845127932951
262	L	21.192	-3.4487	-4.7801	-12.755188747780865
263	L	19.106	-10.3385	-9.3179	-12.902993361613785
264	K	23.21	-0.4091	-0.5774	9.60425287294045
265	Q	22.041	-0.9	-0.8682	5.3999278674907485
266	A	15.908	-5.4218	-5.679	1.7918448646971086
267	F	15.733	-9.2424	-8.7484	-13.800628685394642
268	A	15.366	-3.2626	-4.0537	1.9433651597091979
269	R	16.213	-0.0587	-0.5575	4.998520049504853
270	A	15.87	-3.3611	-5.9222	1.69755600444899
271	A	16.654	-3.7768	-4.3414	1.5767606732650308
272	I	19.054	-1.9976	-3.0921	-10.782303798978463
273	L	19.63	-1.1289	-1.0412	-13.079954789954746
274	S	20.293	0.8719	0.2671	5.4341535608896026
275	N	24.332	-1.0286	-0.741	2.774274013121301
276	E	30.441	-0.1534	-0.3154	5.566567274413357
277	K	34.151	0.508	-0.0203	7.411127903574724
278	F	29.855	0.1682	0.4903	-10.9385018661572
279	R	28.729	0.6085	0.1275	4.530944954478376
280	G	21.168	-0.2013	-0.5296	4.630858922231231
281	V	19.467	-6.6075	-7.6119	-6.522153156229155
282	R	31.405	-0.1028	-0.8133	4.176346740244394
283	L	21.335	-9.5783	-7.8676	-13.832421277340831
284	Y	24.281	0.6165	1.0394	-4.4976566368804205
285	V	22.61	-7.2201	-6.9581	-7.722136998363591
286	S	25.847	0.6806	0.6167	5.797776748580873
287	E	31.817	0.9812	0.9363	7.009922194939726
288	N	27.05	-0.1965	-0.0749	5.650103375382753
289	Q	27.632	0.722	0.5989	5.962413495243158
290	L	24.036	-7.9069	-7.0481	-13.95743596297854
291	K	25.076	0.0486	-0.1075	8.95575788232583
292	I	19.23	-9.0154	-9.7984	-10.890140506486349
293	T	21.424	-0.0055	-0.3001	3.376417967452079
294	A	21.93	-0.6751	-2.6232	1.7325378198035268
295	N	25.541	0.1371	-0.4522	5.47777692049615
296	N	24.964	0.7698	0.1219	6.000534815025946
297	P	33.954	-0.4464	-0.7135	3.366240437337853
298	E	43.842	2.2808	2.1698	6.158593588042239
299	Q	41.89	-0.099	-0.468	4.95479253562888
300	E	25.683	2.6802	1.8296	6.932928740255049
301	E	26.073	2.2079	2.2214	6.626964418514586
302	A	20.094	-0.2797	-2.9861	2.0087491132092894
303	E	22.32	0.6233	0.299	6.011991424337076
304	E	19.1	-0.5558	-0.5024	7.554435116867305
305	I	21.836	-2.8434	-2.7611	-9.884407975366852
306	L	25.294	-7.6391	-7.106	-12.511957200816381
307	D	27.286	0.8473	1.098	6.866322378898268
308	V	25.497	-6.791	-6.55	-7.072655153987302
309	T	26.067	0.1464	0.4789	3.3311925066229473
310	Y	27.392	-3.1577	-3.4247	-4.559975091170648
311	S	34.657	0.0613	0.6338	5.308438494166814
312	G	34.855	-0.8961	-0.5426	4.080453476392688
313	A	31.58	-1.3044	0.2269	2.415992116805994
314	E	30.476	2.56	2.6783	7.726642781731506
315	M	23.463	-3.2178	-0.8699	-6.985013019744608
316	E	29.15	2.5503	2.4986	6.50461261631845
317	I	20.01	-6.1058	-7.0629	-9.359997167860145
318	G	18.957	-0.0957	0.3526	4.408818214947731
319	F	21.467	-8.2719	-9.7565	-12.32600437658649
320	N	18.453	3.4855	3.1393	5.288050013279572
321	V	17.739	-7.6367	-8.3068	-7.323195691129537
322	S	18.863	0.2764	0.197	5.209179607214393
323	Y	20.376	-1.6107	-3.0368	-3.8266127414886606
324	V	15.516	-10.6233	-11.2402	-6.6667324374082115
325	L	16.256	-4.7326	-4.7198	-12.3586537636464
326	D	17.27	3.3349	2.5754	6.188056114284049
327	V	15.969	-7.6232	-7.3244	-7.925357115774491
328	L	20.979	-7.7506	-7.9191	-12.305740476383898
329	N	25.932	0.2938	0.5819	6.161467525646195
330	A	25.128	-1.2224	-2.548	1.8390360237500845
331	L	30.961	-5.1467	-6.0557	-13.005855652085756
332	K	36.653	-0.2132	-0.6354	9.194551047600918
333	C	23.528	-2.9653	-3.7143	-4.063147240284587
334	E	20.758	1.3937	1.3816	6.989113451360242
335	N	21.395	1.276	1.5266	6.645379888483435
336	V	22.409	-8.0966	-7.994	-7.237801753841507
337	R	28.525	-0.0742	-0.6061	5.163725459645991
338	M	23.977	-5.5739	-5.8806	-7.23632465274599
339	M	22.445	-2.6993	-3.2548	-7.421073413072319
340	L	18.311	-5.5653	-5.2941	-13.894398393565888
341	T	18.157	-0.0283	0.3122	3.5212769238385015
342	D	18.848	0.3919	0.1356	7.128550352641182
343	S	21.997	0.7684	0.7803	5.24987991176309
344	V	21.81	0.4784	-0.4731	-5.790163653520842
345	S	18.483	-0.0725	-0.4597	5.563682051089975
346	S	19.407	2.0708	2.1416	5.006694889292966
347	V	19.231	-9.2525	-9.0667	-7.90530527001063
348	Q	19.98	2.7555	2.5047	5.730037821680574
349	I	17.519	-8.4771	-8.3433	-10.950141103795694
350	E	19.717	1.8932	1.7091	7.4930365105420895
351	D	18.613	2.9267	2.2477	8.317469326453432
352	A	21.382	-1.7472	0.1555	2.3294804307954204
353	A	25.85	1.4566	0.8936	1.9654482867834926
354	S	25.758	0.5529	0.3831	5.062184917563196
355	Q	31.781	1.7199	1.4927	5.158033572238502
356	S	25.577	0.1479	-0.1359	5.7720089418094895
357	A	17.862	-0.185	-0.6937	1.828033886033178
358	A	15.364	-1.8412	-1.3433	2.013767632328238
359	Y	14.901	-1.5304	-2.184	-4.196355754903642
360	V	17.919	-7.1481	-7.0333	-6.751664590290889
361	V	17.327	-6.9065	-7.6206	-6.600515149960852
362	M	23.553	-3.5975	-3.7854	-6.808736206847746
363	P	21.65	3.1958	2.2358	3.1600334452193812
364	M	36.554	-3.905	-3.9053	-6.143717850787652
365	R	n/a	n/a	n/a	3.523462316674125
366	L	n/a	n/a	n/a	0.0
