AlnIndex	Residue	B_Factor	ExpFrust	AFFrust	EvolFrust	RMSF
1	M	29.281	-1.5116	-2.2534	0.0	3.14
2	A	16.75	-6.5823	-6.4656	0.0	0.787
3	L	12.835	-3.3874	-4.486	-6.5889874698787025	0.471
4	L	6.556	-7.594	-7.6144	-9.578100139689946	0.272
5	E	5.556	5.4683	5.3405	3.6014608965079837	0.186
6	I	6.367	-6.022	-5.9832	-8.253892611874502	0.284
7	C	10.458	-5.3418	-5.7371	-4.057077906134593	0.339
8	C	9.44	-11.444	-11.468	-4.276333187442416	0.352
9	Y	9.511	-5.1958	-5.3883	-3.300509487879744	0.353
10	S	8.272	-1.1749	-1.4175	4.286567274013231	0.292
11	M	9.416	-5.7196	-5.818	-5.485929208592516	0.424
12	E	15.959	-0.2734	-0.4893	5.137257411452382	0.472
13	C	10.877	-7.3894	-8.4954	-3.7213302918813667	0.317
14	A	9.338	-7.4258	-7.4764	1.0818336864910252	0.315
15	L	14.14	-5.9692	-6.4823	-9.442560660880728	0.395
16	T	11.797	-1.0298	-0.7372	2.3635220126120537	0.478
17	A	9.58	-4.5544	-4.6835	1.0680568782228013	0.442
18	Q	11.302	0.3881	0.378	4.771874803626301	0.488
19	Q	17.037	-0.3179	-0.3036	3.8482919787927465	0.603
20	N	13.887	0.683	0.5019	5.074542198059697	0.587
21	G	12.045	1.2874	1.0955	2.5441407272116496	0.716
22	A	9.788	-4.8945	-4.614	1.128873689902584	0.694
23	D	8.975	2.4421	1.7811	5.298727832514726	0.243
24	R	7.195	-0.0183	0.6713	2.98274769934454	0.181
25	V	7.729	-9.9087	-10.7192	-5.614603131497485	0.133
26	E	9.029	5.6866	5.5253	4.842844308041094	0.158
27	L	8.815	-11.7431	-11.608	-9.107941091837048	0.118
28	C	7.565	-4.1905	-8.8334	-3.5246356982700275	0.535
29	A	7.512	-0.1616	-0.2263	1.224538065169243	1.262
30	A	7.338	0.1124	0.0744	1.6087118762124981	2.067
31	P	9.853	1.4336	0.2812	3.870817022923467	n/a
32	K	15.963	0.2994	0.2272	6.455717046868286	n/a
33	E	13.792	0.4222	-0.1321	5.6606863072411455	n/a
34	G	12.317	0.2331	0.6424	2.8928956569299626	n/a
35	G	8.49	1.8386	1.6653	2.3418185666394877	n/a
36	L	5.463	-2.0042	-1.2918	-9.398172324582267	n/a
37	T	6.119	0.6785	0.5448	2.177608624566071	n/a
38	P	6.574	1.6196	1.7919	2.9306023979733564	n/a
39	S	5.907	1.0207	0.809	3.9363832626875737	n/a
40	L	7.229	-0.5937	0.0792	-9.994878245362722	n/a
41	G	5.715	0.0759	0.2503	3.2295250420505504	n/a
42	V	5.219	-2.8063	-4.2635	-5.661224608268281	n/a
43	L	5.375	-5.3015	-5.1042	-11.90989660310671	n/a
44	K	8.369	3.228	2.8553	6.900799479461607	n/a
45	S	7.765	0.4363	-0.3002	4.397445469592808	n/a
46	V	5.77	-8.8412	-9.2258	-6.468453384051552	n/a
47	R	8.807	0.2987	0.3809	4.562303799108612	n/a
48	Q	16.759	-1.2	-1.5974	3.0230977028720765	n/a
49	R	20.144	-0.7843	-0.6921	4.286025655844062	n/a
50	V	10.279	-7.9135	-8.6951	-5.855079518603397	n/a
51	T	12.563	-0.262	0.5235	2.4095885183487913	2.15
52	I	10.035	-4.6927	-5.1541	-7.179254277609887	2.627
53	P	10.087	1.4957	1.7158	4.270077707431052	1.978
54	V	6.141	-8.656	-8.0303	-5.520686119706732	1.983
55	H	6.27	0.5011	0.5946	2.0441805062413025	1.444
56	P	5.169	4.466	4.3003	4.113260138663176	0.594
57	I	6.691	-3.6569	-4.1465	-9.52826681892122	0.886
58	I	8.325	-7.1367	-7.0046	-8.050380060250506	0.625
59	R	9.137	2.5658	2.5163	2.570858819933296	0.804
60	P	7.57	4.2855	4.5471	3.5378581922391756	0.639
61	R	8.243	-0.6927	-0.6967	2.864966913146526	0.637
62	G	9.245	1.755	2.0991	3.283588202160014	0.587
63	G	10.622	0.3693	-0.0772	2.7725083895228946	0.503
64	D	11.481	1.3586	1.5272	4.518431141133844	0.551
65	F	9.215	-0.7843	-1.7564	-6.702248576917531	0.638
66	C	10.503	-2.0671	-2.7498	-2.5710785652224426	0.582
67	Y	6.701	2.1229	2.4422	-2.8733095348323237	0.603
68	S	8.585	0.0646	0.4222	3.705507563091547	0.666
69	D	13.435	2.372	2.7052	4.541614100264616	0.753
70	G	9.805	0.3323	0.3733	3.3779897200979097	1.04
71	E	9.388	2.3517	2.2096	4.759725484200197	1.626
72	F	7.423	-0.6057	-0.2015	-10.616522483774505	1.063
73	A	8.57	-0.6728	-0.7304	1.6292079896365737	0.574
74	A	8.422	-0.9124	-0.8618	1.5417177601747976	0.439
75	I	6.289	-4.6204	-4.5832	-7.842676944122631	0.107
76	L	7.12	-4.6898	-4.3115	-11.002778185345434	0.095
77	E	8.838	0.2704	0.1957	4.86890120803167	0.106
78	D	7.034	3.783	3.9301	5.331385495248912	0.125
79	V	6.517	-7.7944	-8.0656	-5.904343216725489	0.186
80	R	20.448	-0.3936	-0.4795	3.609656166568476	0.564
81	T	9.064	-0.6991	-0.7348	2.866334012490681	0.882
82	V	7.996	-6.0887	-6.12	-6.901813260985962	1.476
83	R	8.92	0.9418	-0.145	4.254830095786079	1.535
84	E	17.632	-1.4802	-1.3218	4.618487965808275	1.114
85	L	7.991	-2.193	-2.2027	-10.171732400386274	1.311
86	G	8.795	1.1209	0.9643	2.767413973103179	0.653
87	F	6.596	-5.2563	-4.8087	-10.674432192496337	0.474
88	P	6.766	0.7631	0.7716	3.8472909551110686	0.723
89	G	5.425	0.2715	0.3674	2.87642998104173	0.61
90	L	6.24	-9.068	-9.4752	-11.982872035185233	0.584
91	V	4.789	-5.0894	-5.3434	-4.487738240597944	0.527
92	T	6.934	-0.3663	-0.3949	3.411409825789573	0.41
93	G	6.255	1.6221	1.5382	2.1819747171281336	0.328
94	V	6.76	-4.8786	-5.3122	-5.511754438530453	0.215
95	L	7.022	-3.8125	-3.6673	-8.886171160091587	0.191
96	D	12.36	2.7927	3.4279	5.850474660319079	0.199
97	V	15.61	-0.5564	0.249	-3.935591123588641	0.203
98	D	18.663	2.2772	2.2196	4.765704115309769	0.273
99	G	15.922	0.4649	0.4369	2.926625645866436	0.28
100	N	14.564	1.41	1.9834	4.512342424998846	0.199
101	V	8.561	-4.6409	-5.0893	-5.359863091112031	0.387
102	D	7.6	4.2759	4.7413	4.230832897933624	0.408
103	M	7.872	-0.176	0.1612	-5.109008584663905	0.347
104	P	7.949	2.4573	2.5613	3.8322482991128424	0.682
105	R	7.99	-0.1353	0.1249	4.492316625623121	0.77
106	M	7.232	-4.3889	-4.6552	-6.796118520011137	0.759
107	E	12.461	1.8908	1.415	5.530851893029062	0.775
108	K	13.77	0.843	0.9015	7.795574665091887	1.4
109	I	6.594	-8.8191	-8.7499	-8.71723098574573	0.677
110	M	7.473	-4.4112	-4.1892	-5.956540364532489	0.217
111	A	9.208	-2.3973	-2.6134	1.5515188821803134	0.273
112	A	7.654	-2.3674	-2.4978	1.6256712670052293	0.319
113	A	6.88	-6.0657	-5.9955	1.167146159739966	0.574
114	G	10.595	-1.3591	-1.6063	3.414929829970154	0.339
115	P	11.006	1.3006	1.0682	3.630219837543707	0.405
116	L	9.115	-5.2081	-4.7362	-10.230329252891147	0.507
117	A	7.378	-1.5515	-1.1283	1.640147386736867	1.097
118	V	6.161	-10.0064	-10.0446	-6.209397127582227	1.684
119	T	6.05	1.312	1.6087	2.587895951251288	1.533
120	F	5.853	-8.4078	-9.2405	-10.26179564549972	0.747
121	H	6.438	1.2926	1.3373	1.1804015593209467	0.365
122	R	14.845	0.1656	0.4313	3.969517929542187	0.36
123	A	7.75	-1.5102	-1.4208	0.9848991812993614	0.335
124	F	8.075	-3.549	-6.1648	-10.366568622926899	0.422
125	D	10.286	2.268	2.5297	3.923820363508412	0.382
126	M	18.355	-1.0617	-1.081	-5.074119608414931	0.342
127	C	11.807	-3.3051	-4.8517	-3.58196638585429	0.353
128	A	12.582	1.3686	1.0143	1.6582577776427188	0.345
129	N	13.982	0.8742	0.9858	4.3143251143126715	0.38
130	P	10.313	1.8399	1.3173	4.350403191605617	0.434
131	L	11.28	-1.5258	-1.5494	-10.328216074842132	0.443
132	Y	13.117	0.5047	0.2613	-2.9989553249362486	0.465
133	T	8.477	0.1645	-0.0753	2.707555119938254	0.522
134	L	7.015	-5.1581	-8.0825	-11.230580220589612	0.661
135	N	8.834	0.8615	0.8105	4.774218993076135	1.656
136	N	7.676	0.9721	1.0938	5.4685370986529795	0.95
137	L	5.746	-5.7388	-6.14	-10.681460335825896	0.518
138	A	6.95	-1.9725	-2.6002	1.544636473345762	0.424
139	E	7.967	1.3523	1.6691	5.642696005580619	0.315
140	L	7.478	-6.0674	-5.5442	-10.11269540791251	0.262
141	G	7.875	-0.1725	0.345	2.769922771510485	0.323
142	I	6.616	-7.6782	-7.8138	-9.371200766015901	0.66
143	A	6.692	-3.4707	-3.7661	1.4105277665870697	0.88
144	R	6.869	1.4076	1.3468	3.715770861843243	0.726
145	V	5.086	-7.6051	-8.2444	-5.3959963154223045	0.79
146	L	6.256	-3.1683	-3.2684	-7.535402911271903	0.923
147	T	8.109	-0.0716	-0.3133	2.3889657614653346	1.206
148	S	9.957	-1.3903	-1.3363	3.786979642275415	1.429
149	G	10.908	-0.1025	-0.315	2.319383065950397	0.953
150	Q	14.35	-0.3477	-0.0973	4.111972068287119	0.741
151	K	17.707	0.3099	0.2411	6.274113246731268	0.706
152	S	17.738	-0.4801	-0.2664	3.7103002920577253	0.764
153	D	15.967	1.2781	1.1054	5.6643561205619335	0.599
154	A	9.528	-3.8837	-4.3909	1.2819094919751526	0.595
155	L	13.469	-2.6519	-2.4667	-10.183137373958612	0.716
156	Q	17.924	0.7169	0.7321	3.981823792037092	0.596
157	G	9.938	0.6377	0.3978	3.438009378414467	0.543
158	L	9.589	-3.9383	-3.8534	-10.80235023909629	0.761
159	S	11.962	0.369	0.2099	4.092893912028486	0.665
160	K	11.599	0.8272	0.8912	7.328219708747539	0.455
161	I	8.594	-7.4525	-8.0865	-7.832909995656732	0.734
162	M	10.941	-3.1471	-3.6121	-5.060286367964253	0.682
163	E	13.878	0.528	-0.1093	5.4815386214321205	0.578
164	L	12.502	-4.7888	-5.7108	-10.151030223032217	0.159
165	I	8.225	-7.3747	-8.146	-8.826579279282322	0.296
166	A	13.86	-1.355	-3.3317	1.6147597038168802	0.35
167	H	24.597	-0.7323	-0.6027	1.5737118333808524	0.59
168	R	32.455	-1.7733	-2.1938	4.133755127297228	0.768
169	D	29.335	1.0712	0.952	5.735324978094887	1.447
170	A	16.822	-2.7868	-5.2001	1.4853695043496875	2.432
171	P	8.717	4.6992	4.6769	3.9862942296330592	3.425
172	I	6.984	-6.1137	-7.6975	-7.608053943614801	3.47
173	I	7.077	-7.5033	-9.1763	-7.588856746542696	3.214
174	M	5.356	-5.2376	-5.4294	-5.589608484163447	2.772
175	A	7.304	-4.5654	-4.593	1.1554888272130124	1.363
176	G	8.383	0.6696	0.6985	3.1582757989893637	1.461
177	A	9.472	0.681	0.7541	1.5040037609412473	1.0
178	G	9.92	1.3222	1.3931	2.5061717408260678	0.753
179	V	9.211	-6.941	-7.245	-5.067724601373201	0.79
180	R	16.813	-0.3411	-0.2948	3.510453031026983	0.84
181	A	13.036	-3.5421	-4.1181	1.4752067640057775	0.672
182	E	18.294	-0.745	-0.9873	4.607113000588063	0.702
183	N	10.656	0.9645	0.8922	5.060250367307318	0.714
184	L	10.806	-6.9295	-7.0766	-9.975826102771766	0.669
185	H	12.405	-0.6366	-1.0261	1.1446908507076075	0.739
186	H	13.976	-1.7861	-1.8254	1.3014094233273896	0.884
187	F	7.485	-5.1308	-5.1451	-10.628445403800038	0.912
188	L	9.04	-6.3159	-5.7696	-9.907575173539259	1.213
189	D	10.491	0.3137	0.3577	4.80521582868779	1.281
190	A	6.576	-4.7802	-4.16	1.1161274510622519	1.324
191	G	6.652	-2.3167	-1.9281	3.017624315039496	0.775
192	V	7.599	-9.1497	-9.5166	-6.706480289022358	0.577
193	L	9.24	-6.5102	-7.3117	-9.114782556373951	0.43
194	E	7.321	3.7109	3.1303	5.74788469262049	0.29
195	V	7.66	-9.9755	-9.9485	-6.284749994298947	0.513
196	H	6.732	0.7651	1.1141	0.9902201036133503	0.607
197	S	9.337	0.6533	0.7412	4.99669867800283	0.684
198	S	14.572	-0.4367	-0.8413	4.593358986997708	0.775
199	A	16.596	-4.2841	-4.3223	0.9892084889517934	0.804
200	G	18.117	-0.0852	0.3698	2.2364869749381246	0.783
201	A	14.246	-0.6174	-1.4311	0.9237231460338798	0.531
202	W	15.161	1.9854	1.4557	-2.731672564111968	0.65
203	Q	26.361	2.431	2.9247	2.0344784401913785	0.666
204	A	22.056	0.9977	0.9262	0.5664668234542684	0.697
205	S	20.133	0.9662	0.7939	0.0	0.608
206	P	18.481	1.5056	1.5917	0.0	0.788
207	M	17.379	-1.1715	-1.1708	0.0	0.69
208	R	19.901	-0.027	0.2167	0.0	0.48
209	Y	17.588	-2.363	-2.366	0.0	0.736
210	R	27.34	-0.597	-0.1147	0.0	0.796
211	N	n/a	n/a	n/a	0.0	0.934
212	Q	n/a	n/a	n/a	0.0	0.903
213	G	n/a	n/a	n/a	0.0	1.15
214	L	n/a	n/a	n/a	0.0	0.457
215	S	n/a	n/a	n/a	0.0	0.399
216	M	n/a	n/a	n/a	0.0	0.362
217	S	n/a	n/a	n/a	0.0	0.436
218	S	n/a	n/a	n/a	0.0	0.589
219	D	n/a	n/a	n/a	0.0	0.697
220	E	n/a	n/a	n/a	0.0	0.605
221	H	n/a	n/a	n/a	0.0	0.847
222	A	n/a	n/a	n/a	0.0	1.15
223	D	37.911	1.236	0.086	0.0	1.367
224	E	29.833	0.0665	n/a	0.0	1.924
225	Y	30.062	1.2889	0.5947	0.0	2.248
226	S	27.57	1.8407	2.0708	0.0	2.332
227	R	26.683	0.5159	0.5176	0.0	2.417
228	Y	24.552	-0.0058	-0.3277	0.0	2.068
229	I	20.504	-2.2305	-3.0004	0.0	1.728
230	V	14.426	-8.1389	-8.7032	0.0	1.956
231	D	14.631	3.672	3.556	0.0	n/a
232	G	10.407	1.0375	1.2837	0.0	n/a
233	A	12.158	-1.3851	-1.4131	0.0	n/a
234	A	10.222	-1.4863	-1.6316	0.0	n/a
235	V	9.874	-6.1776	-6.2846	0.0	n/a
236	A	11.018	-0.482	-0.1684	0.0	n/a
237	E	14.643	1.9097	2.1445	0.0	n/a
238	M	11.694	-6.0134	-6.1462	0.0	n/a
239	K	13.552	0.6944	0.5823	0.0	n/a
240	G	12.0	-0.2495	-0.3601	0.0	n/a
241	I	10.126	-5.4982	-5.208	0.0	n/a
242	I	12.309	-6.7813	-7.1731	0.0	n/a
243	E	19.682	0.3759	-0.4571	0.0	3.759
244	R	22.271	0.1474	-0.485	0.0	2.762
245	H	21.624	-0.5965	-0.2828	0.0	2.847
246	Q	35.854	-0.5707	-0.0174	0.0	1.951
247	A	39.01	0.5185	0.739	0.0	1.582
248	K	45.621	1.7873	1.7597	0.0	1.001
249	L	n/a	n/a	n/a	0.0	0.774
250	E	n/a	n/a	n/a	0.0	0.61
251	H	n/a	n/a	n/a	0.0	0.561
252	H	n/a	n/a	n/a	0.0	0.472
253	H	n/a	n/a	n/a	0.0	0.433
254	H	n/a	n/a	n/a	0.0	0.318
255	H	n/a	n/a	n/a	0.0	0.314
256	H	n/a	n/a	n/a	0.0	0.34
