AlnIndex	Residue	B_Factor	ExpFrust	AFFrust	EvolFrust
1	M	64.686	0.4272	n/a	0.0
2	G	40.678	-1.1987	0.1479	0.0
3	P	28.27	1.1249	1.9265	3.2125282495039995
4	H	22.905	-2.0466	-2.0521	1.1278577270271806
5	S	19.878	-1.7158	-1.4055	4.572520221508656
6	L	19.949	-7.7541	-8.4967	-13.344336516951994
7	R	26.155	-0.9026	-1.3755	5.103029351934286
8	Y	19.543	-6.775	-7.0927	-4.561367950761451
9	F	17.002	-3.4295	-4.0068	-13.445908951817273
10	V	15.703	-6.9747	-6.5085	-8.775661907914989
11	T	18.156	-1.9451	-1.7554	3.6409997836368873
12	A	18.256	-0.9002	-1.0106	2.46849359105497
13	V	19.924	-4.3145	-3.6414	-7.755131110982108
14	S	25.247	0.8782	0.9482	6.325221144762891
15	R	36.47	0.0105	0.2289	5.775359486832426
16	P	39.051	1.6507	2.5421	6.01092843723068
17	G	55.348	0.2033	0.2707	0.0
18	L	61.871	0.8654	1.0015	-14.147099473068298
19	G	56.315	1.5646	0.8528	5.607821733422856
20	E	49.422	-1.5398	-1.38	8.131986782766896
21	P	36.279	4.1324	2.8344	5.448791320158091
22	R	28.414	-2.3315	-2.1887	5.228481275181055
23	F	22.814	-2.122	-1.1709	-14.270166670003858
24	I	23.546	-4.8426	-4.7583	-12.161182421909967
25	A	19.026	-4.3702	-3.338	2.785663685277062
26	V	19.326	-6.0731	-6.1469	-6.8533303978389615
27	G	17.115	-1.1767	-1.0428	5.89631732558679
28	Y	18.226	-1.5424	-1.8284	-4.751025179365929
29	V	17.421	-5.7064	-5.9509	-6.054526109204409
30	D	19.796	2.9579	2.9754	6.096778027535086
31	D	22.204	1.7322	1.3767	6.616418333940409
32	T	18.573	-0.1997	-0.2237	3.972108811435383
33	Q	19.7	0.4135	0.505	6.706466697223277
34	F	18.13	-5.0907	-5.5418	-17.60858353577645
35	V	18.347	-5.19	-4.7569	-11.162340747799398
36	R	25.086	-1.3053	-0.8801	5.419583637001827
37	F	22.958	-0.1505	-0.0738	-14.1364944169005
38	D	26.755	-0.6779	-0.8002	6.362029798369349
39	S	28.657	-1.0667	-1.3838	5.562179627463186
40	D	37.513	-0.9413	-0.8757	7.7282701840531205
41	A	41.188	0.5215	0.626	3.2454340106466204
42	D	58.538	0.2875	0.4755	0.0
43	N	56.549	-0.719	-0.766	0.0
44	P	37.75	0.6414	0.8513	6.076824750212812
45	R	40.036	-1.5407	-1.692	4.860963426185136
46	F	31.506	-0.4668	-2.0506	-19.296933424502974
47	E	33.492	0.5838	0.8572	8.302597296049306
48	P	25.896	2.3176	2.5212	5.723379632002745
49	R	27.189	0.2937	0.564	5.2010250962478635
50	A	25.858	-1.1371	-0.9863	3.028026630649253
51	P	28.769	1.6301	1.692	5.466639399422308
52	W	24.427	1.8481	2.5777	-6.064569574477135
53	M	26.771	0.2381	-0.1749	-8.571711909472972
54	E	37.276	2.5306	2.7269	8.67239396013151
55	Q	39.114	1.6271	1.6121	6.565297192110225
56	E	36.963	1.4105	1.6176	8.978865408763507
57	G	40.663	2.1342	2.1175	5.995982441207377
58	P	42.717	2.444	2.488	6.080656239819818
59	E	49.408	3.966	4.1444	8.282476417365089
60	Y	28.554	2.2365	1.8514	-5.69708724774194
61	W	27.829	2.6339	2.6932	-8.089413620349276
62	E	43.827	1.7076	1.7889	8.114043262560484
63	E	42.411	2.7133	2.7579	9.368625940230926
64	Q	30.177	-0.0651	0.2256	8.68737158255798
65	T	28.873	0.0781	0.0903	4.239089301280058
66	Q	36.131	0.2186	0.479	6.727727568124249
67	R	34.075	-1.836	-1.6957	6.288104531340339
68	A	26.178	-0.7941	-1.1884	3.592874320090184
69	K	36.063	-0.4313	-0.9133	10.832164722777682
70	S	35.99	0.0022	-0.0397	6.864481891907297
71	D	25.791	-0.7886	0.1487	9.912430533071696
72	E	31.408	0.7551	-0.1627	9.133435677042335
73	Q	37.547	-0.0196	0.6574	6.484274622500834
74	W	21.099	-0.05	0.9446	-8.004596253932649
75	F	23.661	-5.3521	-2.1964	-14.822760704461583
76	R	40.442	0.1975	-0.0693	5.143838363931847
77	V	23.914	-3.0205	-1.8798	-7.6844982940786535
78	S	19.253	1.2489	1.897	8.404855300084579
79	L	23.273	-4.4484	-4.6854	-12.884159491394593
80	R	37.124	1.259	1.2677	5.629036750522118
81	T	22.377	-0.486	-0.8416	4.751708996605957
82	A	20.246	0.1612	-0.7461	2.941301373966565
83	Q	30.961	1.3194	1.9021	7.023632061385749
84	R	40.569	-0.2474	-0.043	5.15429916343134
85	Y	22.073	3.4582	3.0252	-4.8666711839868375
86	Y	21.706	2.2492	2.0813	-4.069593520904977
87	N	28.47	0.753	0.4756	6.032073114157643
88	Q	27.498	1.2675	1.2276	6.226803593632906
89	S	38.418	-0.1774	0.4176	5.89225969430967
90	K	46.642	0.8184	1.526	0.0
91	G	37.94	0.5263	0.7122	4.677110234089349
92	G	33.105	0.2006	0.4821	3.545307704410573
93	S	27.258	0.5166	0.9929	4.416937545521681
94	H	20.971	-0.6577	-0.3446	1.2807129910421329
95	T	17.227	0.0822	0.2967	2.9620495732019902
96	F	19.481	-5.9683	-5.327	-12.500134958250687
97	Q	15.732	1.9676	1.7167	4.049153691807198
98	R	18.843	-1.3694	-1.5887	5.856319108862049
99	M	17.614	-3.8898	-3.0968	-6.128009345841771
100	F	17.409	-6.9587	-9.3187	-12.577943136965587
101	G	17.755	-1.7661	-1.5186	3.4829752057491867
102	C	21.578	-11.9226	-12.0914	-3.010711259443652
103	D	23.009	0.0062	0.7192	4.595042039222167
104	V	26.203	-7.5984	-8.0179	-5.7173629804736645
105	G	28.907	-0.6501	-0.0247	3.876119508903278
106	S	35.103	-1.0864	-1.3542	4.8690606511881205
107	D	36.849	-1.219	-1.4793	6.1438534877361235
108	W	35.846	-2.6472	-2.7997	-5.936386031621791
109	R	42.822	-2.3072	-2.33	4.345134695437417
110	L	31.95	-6.6378	-6.5598	-7.049114299216495
111	L	32.694	-2.7838	-2.6395	-11.03756708259887
112	R	25.716	-3.6407	-2.8193	4.120828154302217
113	G	19.458	-1.9757	-1.5773	3.7525560913578184
114	Y	21.233	-5.8299	-3.2821	-3.5176765811686797
115	H	20.403	-1.1225	n/a	1.994769649927548
116	Q	19.339	1.6345	1.0525	4.603190266066242
117	F	16.202	-3.9095	-4.8905	-12.810455777446327
118	A	14.37	-0.162	-0.7019	1.937701929693599
119	Y	16.705	2.6183	2.2315	-3.2454662280734548
120	D	21.263	0.6626	0.6752	5.34413864884939
121	G	20.25	1.7293	0.746	2.8311275370937867
122	R	30.352	-0.4165	-0.9645	3.4618219015296026
123	D	19.127	0.2357	0.1024	5.854161780867152
124	Y	16.416	3.89	2.5153	-3.547564123950547
125	I	15.466	-6.5857	-6.9583	-9.608257718636674
126	A	15.65	-1.3339	-1.8217	1.8299172481824586
127	L	17.095	-5.5114	-6.7614	-11.149827618920977
128	N	17.61	1.0584	1.1683	4.984345075664064
129	E	22.048	-1.048	-0.6882	6.534137709238358
130	D	24.137	-0.4302	-0.8343	5.815059532369728
131	L	24.666	-2.2958	-1.9733	-11.242971670967995
132	K	28.699	-0.1787	-0.4529	9.093459600161191
133	T	21.34	-0.3375	-0.3311	3.5816402711679025
134	W	18.848	1.0507	1.4108	-5.5825456523740575
135	T	19.211	-1.0557	-1.2612	3.603971646270901
136	A	19.01	-2.0396	-2.1139	2.03376853921832
137	A	19.042	-2.1477	-2.2072	2.2310894046932175
138	D	20.291	1.1849	1.1036	7.244424284574459
139	T	19.41	-1.3393	-1.4778	3.219434910265064
140	A	18.578	-1.6078	-1.6707	2.122599638595985
141	A	17.132	-2.4709	-2.9448	2.031404108036177
142	L	18.314	-3.9614	-4.2203	-12.04637201140507
143	I	19.797	-2.2842	-2.5441	-9.16004698195952
144	T	19.286	0.593	0.5827	4.2617651970701305
145	R	27.377	0.3498	0.1562	4.552987349698301
146	R	37.381	0.6716	0.6751	4.944371679293693
147	K	26.977	1.4634	1.4104	8.941561930368607
148	W	18.703	0.8885	1.2056	-5.945866623406872
149	E	24.563	0.6034	0.3826	7.139801440877986
150	Q	32.966	1.6626	1.68	5.20608313795705
151	A	26.952	0.3283	0.2942	2.5961656140936946
152	G	27.035	0.4251	0.6307	4.333886360657935
153	D	24.938	2.1238	1.6087	6.84160400370425
154	A	23.4	0.2937	0.2056	2.7906309308918935
155	E	37.474	1.0436	0.8307	6.198374809713067
156	Y	27.878	0.9599	1.5615	-4.170680911862339
157	Y	23.115	-1.4826	-1.1901	-4.604659533268683
158	R	33.225	-1.7078	-2.0208	3.7693803232754552
159	A	26.682	0.2089	0.3255	2.3950011129523583
160	Y	25.276	-1.1502	-0.7385	-3.7612279909413986
161	L	23.279	-7.7396	-7.5469	-11.115261017004526
162	E	30.854	0.3568	0.486	6.671495202678
163	G	28.463	-2.8487	-3.0159	4.396862361862794
164	E	31.956	1.0908	1.1149	7.3277485929909885
165	C	24.138	-8.4387	-8.8526	-3.4118139336359206
166	V	27.571	-7.8989	-8.0121	-5.883288150137368
167	E	39.557	0.7927	0.9513	6.321506435279245
168	W	28.664	-3.9099	-4.5948	-5.852787378783432
169	L	22.021	-7.1745	-7.8293	-10.088286497368173
170	R	40.534	-1.5263	-1.2217	3.9340405095439515
171	R	32.156	-2.1994	-2.0322	4.097822772108764
172	Y	21.957	-0.7657	-0.9294	-3.5703850448764665
173	L	25.113	-5.0003	-5.2659	-9.680737306149096
174	E	38.401	1.4967	2.0259	6.11016338285981
175	L	29.608	-3.0966	-2.9922	-10.613435023520507
176	G	26.367	-0.014	0.2738	4.174316426984038
177	N	33.248	0.8189	1.072	5.492140197484787
178	E	41.42	-0.0262	0.1926	5.963222272365735
179	T	30.641	-0.1648	-0.6876	3.2356194647856777
180	L	25.026	-3.4251	-3.5506	-10.09494829844705
181	L	31.374	-0.7322	-0.6926	-11.38566857736415
182	R	36.056	-1.6781	-1.4676	3.918187445525195
183	T	24.976	-0.362	-0.2574	2.968241928096081
184	D	26.206	1.0181	0.8379	9.070992717575743
185	S	24.162	-0.4035	-0.5679	7.259644367189546
186	P	21.48	3.2688	3.0962	5.106500686565093
187	K	27.088	0.7351	0.6643	12.279041333327697
188	A	18.474	-6.1271	-6.2074	2.8184569799147874
189	H	21.652	-2.0335	-2.3417	2.4739024310539257
190	V	20.841	-7.3287	-7.3271	-8.054633247019195
191	T	20.344	-1.9941	-1.9884	5.378620960115984
192	Y	25.182	0.8744	0.874	-5.671539728074788
193	H	24.063	-1.1841	-0.9989	2.5150169203287702
194	P	30.089	1.2965	1.5367	7.462782450029887
195	R	40.693	-0.9746	-0.5527	7.117899785688894
196	S	36.765	-0.396	-0.0066	7.701606930074903
197	Q	41.948	0.682	1.3953	7.117909027746656
198	V	41.693	-1.7084	-1.4828	0.0
199	D	40.337	1.0042	2.7748	0.0
200	V	32.359	-4.8393	-4.5951	0.0
201	T	25.373	0.0804	0.0644	5.3759765893429465
202	L	22.24	-8.5169	-8.8271	-16.196207675463604
203	R	17.589	-0.1828	-0.1726	8.305101549859788
204	C	17.018	-9.7304	-9.9995	-3.1917091149611414
205	W	17.806	-4.0147	-3.9931	-9.714876045730643
206	A	15.024	-5.6468	-6.1193	2.5261188407080946
207	L	16.238	-2.5958	-2.8132	-18.59514124969447
208	G	17.525	0.6616	0.5808	4.319748091748184
209	F	15.278	-4.8733	-4.9235	-11.263920428342125
210	Y	17.746	-1.4424	-1.8062	-4.366021264072946
211	P	15.669	2.9499	2.9495	4.73823063946252
212	A	15.314	-0.5977	-0.1159	3.278387715768627
213	D	16.47	1.4707	1.9399	10.945279346054265
214	I	13.877	-3.2032	-4.0137	-13.929591999431356
215	T	17.533	0.3751	-0.0256	6.34024525206015
216	L	18.583	-5.4885	-6.1235	-21.437894421047197
217	T	23.987	-0.6134	-2.3872	6.014830136709909
218	W	26.444	-3.5934	-4.6963	-7.081452588371792
219	Q	41.406	0.4429	0.6034	9.11275783814352
220	L	46.686	-0.909	-2.3233	-15.332582601706306
221	N	63.748	0.661	0.4426	7.905344333658281
222	G	69.258	1.12	-0.0529	5.04257943614771
223	E	77.609	1.3337	1.7072	10.434006165200357
224	D	75.133	2.9105	1.5965	11.37223436949963
225	L	96.261	0.8327	-3.5157	-21.50475082270063
226	T	102.144	2.475	-0.9903	5.964344092498825
227	Q	86.236	0.1233	-0.907	7.482168114347611
228	D	73.085	-0.414	0.7739	11.238543062662638
229	M	46.741	-3.9136	-5.0593	-8.877802421834053
230	E	34.031	0.4134	0.3079	11.94001219619062
231	L	29.546	-3.384	-4.2612	-22.81838994144726
232	V	19.146	-0.9236	-1.6338	-9.635725071661048
233	E	25.816	1.3373	1.2453	10.850864010785173
234	T	14.867	-0.4971	-0.538	5.291246739372031
235	R	12.705	0.1131	0.3798	7.2156109594034925
236	P	14.203	1.2686	1.2669	4.69295598137095
237	A	15.436	-1.3207	-1.2207	2.8013489526551414
238	G	19.758	-0.408	-0.1207	7.559260929049503
239	D	21.885	1.0958	1.1045	6.471249728941554
240	G	20.52	-0.5227	-0.2579	4.444417676213992
241	T	17.573	0.7118	0.3398	4.152779125955883
242	F	13.647	-2.1922	-2.3948	-14.92214279173844
243	Q	14.079	0.9997	1.1658	7.229046731492345
244	K	15.354	3.4327	3.7139	16.586567788406157
245	W	14.987	-3.6028	-4.0862	-9.730219126754443
246	A	17.474	-5.5744	-5.9385	3.6997710724905404
247	A	21.296	-3.1901	-3.5566	3.7197239963362145
248	V	25.541	-7.1913	-8.7552	-9.191822450056646
249	V	29.494	-3.6336	-3.3992	-10.699208744516525
250	V	30.611	-6.047	-6.0052	-8.41575221000829
251	P	36.597	0.4726	1.1233	8.293209855376972
252	L	38.4	-1.5	-1.2058	-19.073102036498433
253	G	40.322	-0.5967	-0.3488	7.136788052639315
254	K	43.539	-0.8419	-0.3447	12.501005131609203
255	E	36.898	-0.4635	-0.2862	11.273084632064254
256	Q	39.994	-0.402	-0.541	9.760377725254592
257	N	42.126	-0.068	-0.0721	9.567525317586771
258	Y	32.367	-5.0068	-5.6978	-4.256428922742711
259	T	28.183	-0.4829	-0.9126	6.562483111632015
260	C	23.173	-7.3295	-8.9871	-3.043760045862152
261	H	24.868	-1.4398	-1.7946	2.676124457646342
262	V	17.397	-7.9496	-8.1323	-8.063183475567856
263	H	18.868	-0.7328	-0.5809	2.5828221105527853
264	H	16.044	-0.4899	-0.4721	2.4715397964216064
265	K	26.761	0.1999	0.0566	14.168598152335825
266	G	24.383	0.6866	0.5129	5.888851876433915
267	L	24.729	-1.5837	-2.3973	-17.794447958358216
268	P	32.376	1.4463	2.0943	6.909444210379637
269	E	36.653	0.2687	0.0878	8.855860711102483
270	P	31.766	1.9071	2.0467	6.3244674196895705
271	L	32.004	-2.957	-3.9008	-14.498066606482864
272	T	33.067	-0.433	-0.6333	4.4561906892476815
273	L	29.875	-6.8978	-7.2624	-13.811275776957677
274	R	51.288	-1.3297	-2.0217	4.5109331438066445
275	W	40.719	-5.7372	-5.1979	0.0
276	K	47.794	0.7332	-0.952	0.0
277	P	54.295	-0.1008	1.792	0.0
